0
1
2
3
4
5
6
7
8
9
10
11
12
13
14
15
16
17
18
19
20
21
22
23
24
25
26
27
28
29
30
31
32
33
34
35
36
37
38
39
40
41
42
43
44
45
46
47
48
49
50
51
52
53
54
55
56
57
58
59
60
61
62
63
64
65
66
67
68
69
70
71
72
73
74
75
76
77
78
79
80
81
82
83
85
87
88
89
90
91
92
93
94
95
96
97
98
99
100
103
106
107
108
109
110
111
112
113
114
115
118
119
120
121
122
123
124
125
126
128
129
130
131
132
133
135
136
137
139
141
142
143
144
146
147
148
149
150
151
152
154
155
156
157
158
159
160
161
162
163
165
166
168
169
170
171
173
174
176
177
180
181
182
183
184
186
188
189
190
191
192
193
196
197
199
200
201
202
204
205
206
207
208
209
210
211
212
213
214
216
218
219
220
221
222
223
224
225
226
227
228
229
230
231
232
233
235
236
237
238
239
243
250
251
252
253
254
255
256
258
259
260
261
263
264
265
266
268
269
271
273
274
275
276
277
278
279
280
281
282
283
284
285
286
287
288
290
291
295
296
297
298
303
304
306
309
311
312
313
314
315
316
318
320
321
322
325
326
327
328
329
330
331
332
333
334
336
339
342
343
344
345
346
347
348
349
352
353
355
357
358
359
362
364
365
366
370
371
372
373
374
378
381
382
386
387
388
390
391
392
395
398
402
403
404
408
414
415
417
420
427
428
434
438
442
443
444
445
446
447
448
453
454
455
456
457
458
459
460
461
463
464
465
466
467
468
469
471
473
475
476
477
478
479
480
481
482
485
486
488
490
491
492
493
494
495
496
498
500
501
502
503
504
505
506
508
509
511
512
513
514
517
518
519
520
522
525
527
528
530
531
532
533
534
535
536
537
538
541
542
543
544
545
546
547
548
551
553
554
556
557
560
561
562
563
565
566
568
571
573
574
575
576
577
579
580
581
582
583
584
585
589
591
593
595
597
598
599
600
601
602
603
604
606
607
608
609
610
611
612
613
614
615
616
617
618
619
620
621
622
623
624
625
626
627
628
630
631
632
633
634
635
636
637
638
639
640
641
642
644
645
646
647
648
649
652
653
655
656
657
659
660
661
662
663
664
666
668
669
670
671
672
673
674
675
676
677
678
679
680
682
685
689
691
693
694
695
696
697
698
702
704
705
706
707
709
712
713
714
715
717
719
720
721
722
723
724
727
728
730
731
733
734
735
736
737
738
739
740
741
742
743
744
745
746
747
748
749
750
751
753
755
756
758
759
760
762
763
766
767
770
771
773
774
775
776
777
778
779
780
781
783
784
787
788
789
790
791
792
793
795
796
797
799
800
801
802
803
805
808
809
810
811
812
813
814
816
818
819
820
821
822
825
826
827
830
831
832
833
835
836
837
838
839
840
841
842
844
845
847
849
850
851
852
853
854
855
856
857
859
861
862
863
864
865
866
867
868
869
870
871
872
873
874
875
876
877
878
879
880
882
883
885
886
888
889
891
892
893
894
895
896
897
898
899
900
902
905
906
907
908
909
910
911
912
916
917
918
919
921
922
923
924
925
926
927
928
929
930
931
933
934
935
936
938
939
940
941
942
943
944
945
946
947
948
949
951
952
953
954
955
957
958
959
960
962
963
964
966
967
968
969
970
973
975
976
977
978
980
981
982
983
986
988
989
991
992
993
994
998
999
1000
1002
1003
1004
1005
1006
1007
1008
1010
1012
1013
1015
1016
1017
1018
1021
1022
1023
1025
1028
1030
1031
1032
1034
1035
1038
1039
1040
1041
1043
1044
1045
1046
1047
1048
1049
1050
1051
1052
1053
1054
1056
1057
1058
1061
1063
1064
1065
1066
1067
1069
1072
1074
1075
1076
1077
1078
1079
1080
1081
1082
1084
1085
1086
1090
1091
1093
1094
1095
1096
1097
1098
1102
1103
1104
1105
1106
1107
1108
1109
1111
1112
1115
1116
1117
1118
1119
1122
1123
1125
1127
1128
1131
1134
1135
1137
1138
1140
1141
1142
1143
1144
1145
1146
1147
1148
1149
1150
1151
1152
1153
1154
1155
1156
1157
1158
1159
1160
1161
1163
1164
1165
1166
1167
1168
1169
1170
1171
1172
1173
1174
1176
1177
1178
1179
1180
1181
1182
1183
1185
1187
1188
1192
1193
1195
1196
1197
1198
1199
1201
1202
1204
1205
1206
1208
1209
1212
1213
1214
1215
1216
1217
1218
1220
1221
1223
1224
1225
1226
1227
1228
1229
1231
1232
1233
1234
1237
1238
1239
1240
1241
1242
1244
1245
1246
1247
1248
1249
1250
1254
1255
1256
1258
1259
1261
1264
1265
1266
1267
1268
1269
1270
1272
1273
1274
1275
1277
1278
1280
1281
1282
1283
1284
1285
1286
1288
1289
1290
1291
1292
1293
1298
1299
1300
1301
1302
1303
1305
1306
1307
1308
1309
1310
1314
1316
1317
1318
1320
1321
1322
1323
1324
1325
1326
1329
1330
1334
1335
1336
1337
1338
1339
1340
1341
1342
1343
1344
1345
1348
1349
1352
1353
1355
1356
1357
1358
1359
1360
1363
1365
1368
1371
1373
1374
1375
1376
1378
1380
1381
1383
1385
1389
1390
1392
1394
1397
1398
1400
1401
1402
1403
1405
1406
1407
1409
1410
1411
1412
1413
1414
1415
1417
1419
1420
1422
1423
1425
1426
1429
1430
1431
1432
1433
1435
1437
1438
1441
1442
1443
1444
1445
1447
1450
1451
1452
1453
1454
1455
1456
1458
1459
1460
1462
1463
1464
1467
1468
1470
1471
1473
1474
1475
1477
1478
1483
1484
1485
1486
1487
1488
1490
1491
1492
1493
1494
1495
1496
1497
1498
1499
1500
1501
1502
1503
1504
1506
1507
1508
1509
1510
1511
1513
1514
1515
1516
1521
1522
1523
1524
1526
1527
1528
1529
1531
1532
1533
1534
1535
1536
1537
1538
1539
1542
1543
1544
1545
1546
1547
1548
1549
1550
1551
1552
1553
1554
1555
1556
1557
1558
1559
1560
1561
1562
1563
1564
1565
1566
1567
1568
1569
1570
1571
1572
1573
1574
1575
1576
1579
1580
1581
1582
1584
1585
1586
1590
1592
1593
1594
1595
1598
1599
1600
1605
1606
1607
1608
1609
1610
1611
1613
1614
1615
1616
1619
1620
1621
1624
1625
1627
1629
1631
1632
1634
1639
1642
1644
1647
1651
1652
1653
1654
1655
1656
1661
1663
1665
1670
1671
1672
1673
1675
1677
1679
1680
1682
1683
1684
1687
1688
1689
1690
1695
1697
1700
1701
1702
1703
1704
1705
1706
1707
1708
1709
1710
1711
1712
1713
1714
1716
1718
1720
1721
1722
1723
1724
1725
1727
1728
1729
1730
1731
1732
1734
1735
1736
1737
1738
1739
1740
1742
1743
1744
1745
1746
1747
1748
1749
1750
1751
1753
1754
1756
1757
1758
1760
1763
1764
1765
1767
1768
1770
1771
1775
1776
1777
1782
1783
1784
1786
1787
1790
1792
1793
1794
1795
1796
1797
1802
1803
1809
1812
1819
1820
1836
1838
1839
1841
1842
1843
1847
1851
1852
1853
1855
1858
1860
1861
1862
1863
1864
1865
1867
1875
1877
1879
1880
1882
1885
1886
1889
1891
1892
1893
1900
1901
1903
1904
1906
1907
1908
1909
1910
1911
1914
1915
1916
1917
1918
1919
1920
1922
1923
1924
1925
1929
1931
1932
1934
1947
1951
1953
1954
1955
1960
1961
1962
1964
1967
1968
1969
1970
1971
1972
1973
1977
1978
1979
1980
1984
1985
1986
1987
1988
1994
1996
1998
1999
2005
2012
2014
2016
2018
2020
2021
2022
2024
2027
2028
2029
2031
2033
2034
2036
2042
2044
2047
2049
2051
2052
2054
2057
2059
2060
2061
2063
2064
2065
2067
2068
2070
2071
2072
2073
2075
2076
2078
2079
2080
2081
2082
2084
2086
2087
2088
2089
2091
2092
2093
2100
2101
2103
2105
2106
2109
2110
2111
2112
2114
2115
2117
2121
2123
2124
2125
2127
2132
2133
2136
2140
2141
2143
2145
2147
2150
2152
2153
2154
2155
2157
2159
2160
2161
2162
2163
2165
2166
2168
2170
2171
2172
2173
2176
2178
2180
2181
2183
2188
2189
2190
2192
2193
2194
2195
2198
2202
2204
2208
2209
2210
2212
2213
2217
2219
2220
2222
2224
2226
2229
2235
2236
2237
2238
2239
2240
2245
2248
2249
2250
2251
2252
2254
2255
2258
2259
2261
2262
2263
2264
2266
2267
2268
2270
2271
2272
2273
2274
2275
2276
2277
2278
2279
2280
2281
2283
2284
2285
2286
2289
2290
2292
2293
2296
2300
2302
2303
2306
2309
2310
2311
2312
2314
2315
2316
2319
2320
2322
2323
2324
2326
2327
2328
2332
2335
2336
2340
2343
2346
2347
2349
2350
2351
2354
2356
2358
2359
2360
2362
2363
2364
2365
2367
2374
2378
2379
2386
2391
2393
2395
2398
2402
2403
2404
2405
2417
2418
2419
2422
2424
2425
2426
2432
2433
2435
2437
2438
2440
2441
2442
2445
2446
2448
2449
2450
2451
2452
2454
2455
2457
2458
2459
2460
2461
2462
2463
2474
2478
2479
2481
2485
2488
2489
2491
2493
2494
2497
2502
2504
2507
2508
2509
2513
2515
2527
2529
2532
2539
2540
2543
2544
2545
2547
2549
2551
2552
2561
2562
2569
2570
2571
2572
2574
2577
2578
2579
2580
2581
2582
2587
2588
2590
2591
2592
2593
2594
2596
2597
2598
2600
2601
2602
2603
2604
2605
2606
2613
2614
2615
2621
2625
2626
2631
2632
2634
2639
2640
2645
2646
2647
2649
2650
2655
2659
2661
2662
2663
2673
2676
2679
2689
2697
2710
2712
2721
2723
2726
2730
2732
2735
2737
2739
2742
2750
2754
2755
2756
2758
2761
2762
2765
2766
2767
2770
2771
2776
2778
2779
2780
2782
2783
2784
2787
2790
2794
2795
2796
2797
2798
2799
2800
2801
2802
2804
2805
2806
2810
2811
2813
2814
2818
2819
2820
2824
2826
2829
2833
2834
2836
2841
2842
2843
2847
2850
2852
2855
2858
2860
2862
2869
2870
2874
2877
2878
2889
2908
2910
2915
2919
2923
2924
2927
2928
2929
2937
2939
2940
2941
2942
2945
2947
2948
2949
2951
2952
2955
2956
2960
2961
2962
2966
2972
2973
2974
2980
2981
2982
2983
2984
2985
2988
2990
2991
2993
2994
3000
3001
3002
3006
3007
3016
3018
3019
3025
3026
3027
3028
3029
3030
3038
3041
3044
3045
3047
3048
3049
3056
3059
3060
3064
3067
3073
3074
3075
3081
3085
3095
3096
3097
3110
3111
3112
3113
3115
3117
3118
3119
3125
3126
3127
3128
3135
3137
3139
3140
3141
3144
3145
3147
3149
3155
3160
3162
3163
3165
3168
3169
3171
3173
3174
3175
3179
3180
3181
3182
3186
3208
3209
3215
3217
3223
3224
3226
3227
3229
3234
3235
3237
3238
3239
3242
3247
3251
3252
3255
3258
3261
3262
3263
3266
3267
3276
3277
3279
3280
3282
3283
3286
3288
3289
3293
3294
3298
3303
3304
3309
3310
3315
3325
3326
3328
3330
3333
3334
3335
3341
3342
3343
3345
3346
3347
3349
3350
3351
3353
3356
3357
3361
3362
3363
3364
3366
3368
3374
3377
3379
3380
3381
3382
3384
3401
3405
3406
3415
3422
3432
3434
3436
3437
3440
3443
3444
3445
3447
3461
3462
3466
3470
3472
3476
3477
3480
3481
3482
3484
3485
3486
3487
3488
3492
3494
3498
3499
3510
3511
3512
3513
3514
3516
3521
3523
3524
3525
3527
3534
3536
3539
3542
3543
3545
3546
3548
3553
3554
3557
3563
3564
3567
3568
3569
3573
3574
3575
3576
3577
3578
3579
3580
3581
3582
3583
3584
3585
3586
3587
3588
3589
3590
3591
3592
3593
3594
3595
3596
3599
3600
3601
3602
3603
3604
3605
3606
3607
3609
3610
3611
3612
3614
3615
3618
3619
3620
3621
3622
3623
3624
3625
3626
3627
3628
3629
3630
3631
3633
3637
3638
3643
3644
3645
3648
3649
3651
3656
3657
3659
3660
3662
3663
3665
3666
3667
3668
3673
3675
3678
3679
3682
3684
3685
3692
3693
3694
3696
3699
3700
3701
3703
3711
3712
3714
3715
3716
3717
3721
3723
3724
3727
3729
3730
3731
3732
3734
3737
3738
3740
3753
3754
3757
3759
3764
3768
3769
3770
3772
3779
3780
3782
3790
3792
3795
3797
3799
3800
3803
3804
3805
3808
3809
3812
3828
3831
3832
3833
3835
3837
3841
3848
3849
3851
3853
3857
3860
3862
3865
3867
3868
3872
3873
3877
3879
3888
3891
3893
3894
3895
3896
3898
3899
3905
3908
3909
3915
3916
3917
3919
3921
3932
3941
3942
3945
3952
3956
3960
3968
3975
3977
3980
3984
3990
3991
3993
3994
3998
4006
4007
4013
4017
4020
4022
4027
4030
4031
4039
4041
4045
4048
4049
4050
4052
4056
4060
4061
4062
4072
4077
4082
4084
4088
4089
4090
4092
4093
4096
4102
4105
4107
4110
4112
4115
4118
4119
4122
4125
4127
4132
4133
4137
4140
4141
4145
4148
4158
4160
4163
4166
4167
4169
4171
4172
4178
4180
4185
4186
4187
4200
4203
4209
4210
4212
4214
4215
4218
4220
4221
4224
4229
4230
4231
4233
4241
4247
4248
4249
4250
4253
4260
4261
4264
4268
4272
4275
4277
4280
4283
4284
4288
4290
4293
4297
4300
4305
4313
4314
4316
4317
4318
4323
4325
4330
4334
4335
4338
4340
4342
4344
4345
4348
4350
4352
4353
4354
4362
4365
4371
4373
4376
4377
4379
4389
4390
4391
4396
4398
4399
4404
4407
4408
4409
4410
4412
4414
4415
4416
4419
4420
4424
4426
4431
4432
4437
4442
4443
4444
4448
4451
4452
4455
4457
4459
4460
4461
4462
4467
4468
4469
4473
4474
4477
4479
4480
4482
4483
4485
4488
4490
4493
4494
4495
4496
4498
4499
4502
4504
4505
4508
4511
4513
4514
4515
4516
4519
4523
4524
4527
4528
4535
4537
4538
4539
4542
4547
4548
4549
4550
4551
4552
4554
4560
4564
4567
4570
4578
4579
4581
4582
4583
4584
4585
4587
4588
4589
4591
4592
4596
4600
4604
4607
4609
4610
4612
4613
4616
4618
4621
4629
4633
4635
4639
4640
4641
4657
4658
4663
4667
4669
4670
4671
4677
4678
4679
4684
4685
4686
4690
4691
4694
4697
4699
4700
4707
4708
4712
4713
4714
4715
4716
4717
4724
4726
4727
4729
4731
4740
4741
4744
4751
4757
4761
4763
4766
4767
4768
4770
4772
4773
4774
4775
4779
4780
4782
4786
4788
4793
4795
4797
4798
4799
4800
4802
4804
4805
4806
4807
4808
4809
4811
4812
4813
4815
4819
4823
4826
4827
4829
4833
4834
4836
4837
4839
4841
4843
4845
4849
4850
4852
4855
4861
4864
4867
4878
4880
4882
4883
4884
4885
4887
4889
4890
4891
4892
4896
4898
4903
4906
4907
4910
4917
4919
4922
4923
4932
4942
4947
4948
4949
4956
4963
4974
4976
4979
4980
4983
4987
4988
4999
5000
5001
5002
5005
5006
5007
5009
5020
5024
5025
5028
5034
5035
5043
5057
5058
5059
5060
5067
5068
5071
5077
5079
5091
5096
5097
5098
5100
5101
5104
5105
5107
5108
5109
5112
5119
5120
5123
5128
5132
5133
5134
5135
5136
5138
5139
5140
5147
5152
5167
5173
5188
5190
5192
5194
5206
5215
5216
5244
5248
5250
5252
5253
5254
5270
5271
5274
5275
5279
5281
5287
5289
5291
5293
5299
5300
5303
5304
5312
5313
5315
5316
5318
5320
5323
5324
5325
5326
5337
5341
5343
5344
5349
5359
5363
5367
5369
5371
5376
5393
5401
5402
5411
5412
5415
5430
5431
5435
5442
5449
5452
5458
5461
5462
5463
5473
5476
5477
5479
5480
5481
5482
5483
5485
5488
5490
5491
5500
5508
5528
5533
5535
5537
5540
5544
5550
5555
5567
5569
5572
5576
5601
5607
5608
5621
5624
5625
5627
5629
5630
5633
5634
5636
5640
5641
5643
5644
5648
5654
5659
5661
5670
5683
5684
5685
5689
5697
5698
5704
5705
5709
5713
5724
5726
5730
5732
5734
5735
5739
5740
5750
5754
5755
5775
5789
5794
5795
5802
5803
5808
5809
5823
5830
5832
5834
5838
5840
5842
5843
5847
5850
5852
5855
5856
5861
5862
5863
5865
5866
5869
5873
5880
5883
5885
5891
5892
5894
5898
5901
5902
5909
5911
5912
5921
5922
5924
5933
5935
5944
5948
5956
5959
5963
5964
5965
5969
5975
5978
5979
5992
5996
5999
6005
6008
6011
6016
6022
6024
6027
6030
6033
6035
6048
6051
6054
6056
6080
6081
6088
6101
6114
6116
6117
6120
6123
6132
6147
6155
6163
6169
6170
6174
6175
6176
6178
6183
6184
6187
6189
6190
6194
6199
6205
6212
6213
6220
6222
6223
6226
6227
6232
6236
6237
6246
6249
6253
6262
6305
6306
6309
6312
6313
6316
6326
6328
6331
6333
6334
6335
6340
6343
6344
6346
6349
6353
6356
6363
6364
6365
6369
6371
6372
6373
6375
6377
6378
6384
6386
6392
6406
6407
6409
6414
6415
6416
6420
6426
6430
6453
6462
6494
6498
6506
6513
6514
6517
6518
6525
6527
6528
6533
6534
6545
6547
6550
6551
6557
6558
6562
6563
6564
6566
6567
6570
6573
6574
6578
6580
6582
6583
6602
6614
6618
6621
6639
6654
6668
6670
6690
6698
6702
6710
6712
6718
6719
6720
6721
6722
6728
6732
6734
6737
6738
6742
6743
6746
6748
6759
6762
6763
6767
6788
6790
6793
6797
6798
6808
6810
6814
6816
6827
6835
6843
6849
6850
6855
6862
6882
6883
6897
6899
6903
6906
6907
6914
6920
6924
6929
6930
6932
6933
6935
6946
6951
6956
6960
6962
7006
7021
7033
7046
7048
7060
7064
7072
7079
7086
7094
7096
7097
7098
7101
7109
7112
7119
7126
7130
7139
7140
7141
7142
7143
7144
7145
7146
7147
7148
7150
7152
7153
7154
7155
7156
7158
7159
7161
7162
7163
7164
7165
7166
7167
7168
7169
7172
7173
7174
7175
7176
7177
7178
7179
7180
7181
7182
7183
7184
7185
7188
7189
7190
7191
7192
7193
7194
7196
7197
7198
7199
7200
7201
7202
7203
7204
7206
7219
7221
7227
7230
7231
7232
7237
7239
7242
7246
7249
7252
7253
7256
7259
7264
7265
7268
7269
7270
7271
7275
7276
7277
7278
7282
7283
7292
7294
7296
7300
7303
7305
7306
7310
7327
7332
7333
7336
7337
7341
7343
7344
7345
7352
7355
7365
7377
7381
7384
7391
7396
7404
7409
7410
7411
7430
7434
7435
7441
7442
7443
7444
7449
7451
7452
7460
7461
7463
7466
7471
7474
7478
7479
7480
7481
7493
7496
7505
7514
7516
7518
7520
7525
7527
7532
7534
7540
7541
7543
7544
7547
7548
7550
7555
7556
7557
7563
7566
7569
7570
7571
7580
7582
7585
7588
7593
7597
7601
7603
7609
7610
7613
7614
7618
7619
7621
7624
7628
7639
7644
7645
7651
7652
7654
7661
7671
7672
7678
7683
7684
7688
7694
7698
7700
7701
7702
7703
7710
7711
7712
7718
7719
7720
7727
7729
7733
7734
7739
7741
7742
7745
7747
7749
7751
7756
7757
7763
7770
7771
7773
7774
7776
7777
7779
7780
7789
7798
7801
7804
7809
7812
7814
7815
7821
7827
7828
7834
7835
7837
7840
7846
7854
7856
7857
7858
7863
7870
7875
7878
7879
7880
7883
7888
7890
7891
7894
7896
7898
7903
7904
7905
7909
7916
7919
7921
7923
7927
7928
7929
7937
7940
7944
7948
7950
7951
7952
7953
7955
7958
7964
7968
7969
7973
7975
7977
7978
7981
7986
7988
7989
7992
7993
7998
7999
8001
8002
8004
8012
8016
8017
8018
8019
8025
8027
8030
8033
8034
8037
8038
8039
8040
8041
8045
8048
8050
8052
8053
8055
8057
8062
8063
8064
8067
8070
8073
8074
8075
8076
8080
8085
8088
8089
8100
8101
8109
8110
8114
8115
8125
8126
8129
8132
8137
8139
8143
8146
8150
8152
8156
8158
8160
8161
8162
8164
8165
8171
8173
8176
8177
8178
8182
8184
8187
8188
8190
8194
8195
8197
8198
8199
8203
8205
8209
8215
8217
8220
8222
8224
8230
8231
8234
8239
8242
8246
8249
8252
8255
8256
8257
8258
8261
8270
8271
8274
8275
8277
8281
8283
8284
8287
8295
8314
8320
8324
8325
8326
8327
8328
8333
8339
8343
8345
8347
8349
8350
8351
8354
8359
8362
8363
8364
8365
8368
8369
8372
8375
8377
8378
8383
8385
8386
8393
8394
8398
8404
8411
8416
8421
8425
8426
8429
8432
8434
8439
8440
8445
8449
8450
8451
8453
8455
8460
8468
8469
8470
8472
8483
8485
8490
8497
8498
8502
8504
8509
8510
8515
8520
8522
8525
8530
8533
8536
8537
8538
8540
8546
8547
8570
8573
8577
8581
8582
8583
8584
8598
8616
8627
8632
8646
8658
8670
8672
8673
8677
8678
8681
8685
8697
8704
8706
8707
8708
8709
8711
8713
8714
8718
8726
8739
8746
8752
8823
8843
8852
8855
8857
8858
8860
8862
8864
8867
8875
8876
8879
8884
8886
8887
8888
8895
8896
8897
8898
8910
8920
8925
8932
8936
8938
8939
8942
8955
8966
8984
8999
9000
9015
9035
9036
9049
9052
9054
9069
9101
9110
9113
9117
9118
9124
9128
9139
9159
9160
9188
9194
9200
9202
9207
9209
9210
9214
9216
9221
9225
9228
9230
9233
9234
9235
9245
9247
9251
9253
9255
9270
9277
9279
9285
9291
9302
9303
9305
9312
9329
9332
9334
9354
9357
9360
9362
9381
9383
9399
9402
9403
9404
9405
9408
9409
9412
9413
9414
9415
9422
9423
9429
9430
9433
9435
9436
9437
9439
9446
9458
9463
9470
9472
9473
9478
9486
9495
9501
9504
9505
9508
9511
9532
9533
9545
9579
9582
9583
9586
9598
9605
9606
9607
9611
9612
9620
9634
9645
9653
9654
9661
9665
9684
9708
9713
9714
9718
9719
9726
9727
9728
9729
9731
9736
9743
9749
9750
9752
9753
9762
9789
9792
9795
9796
9805
9810
9814
9819
9827
9828
9835
9857
9876
9878
9885
9895
9904
9907
9908
9916
9917
9922
9923
9928
9937
9940
9941
9942
9944
9945
9946
9950
9952
9956
9964
9981
9982
9993
9999
10018
10025
10035
10071
10072
10075
10086
10090
10098
10107
10108
10110
10118
10120
10128
10132
10135
10137
10139
10141
10145
10146
10150
10152
10155
10168
10182
10183
10187
10191
10195
10198
10199
10227
10257
10259
10260
10263
10272
10275
10292
10294
10301
10305
10310
10311
10313
10315
10316
10321
10326
10335
10363
10366
10380
10381
10391
10397
10399
10401
10408
10412
10429
10480
10489
10490
10491
10494
10495
10497
10501
10502
10506
10507
10510
10511
10512
10519
10527
10530
10540
10546
10579
10590
10606
10617
10633
10637
10642
10646
10649
10654
10658
10662
10667
10669
10675
10682
10699
10700
10703
10712
10713
10714
10716
10717
10718
10719
10720
10721
10722
10723
10725
10726
10727
10728
10729
10731
10732
10734
10735
10736
10737
10738
10739
10740
10741
10742
10743
10746
10747
10748
10749
10751
10752
10753
10754
10755
10756
10757
10758
10761
10762
10764
10766
10767
10768
10769
10770
10771
10772
10773
10774
10775
10776
10777
10779
10781
10783
10788
10789
10790
10791
10792
10794
10796
10802
10811
10812
10813
10822
10828
10830
10831
10835
10837
10838
10839
10840
10843
10845
10846
10851
10855
10857
10859
10864
10866
10867
10869
10870
10873
10875
10878
10884
10886
10888
10891
10893
10896
10900
10901
10910
10912
10915
10933
10935
10936
10938
10943
10946
10949
10950
10964
10965
10966
10967
10973
10976
10979
10980
10983
10987
10994
10995
10996
11010
11011
11013
11014
11017
11024
11025
11026
11041
11042
11045
11050
11051
11060
11066
11069
11077
11078
11087
11090
11091
11093
11105
11113
11115
11119
11120
11121
11122
11123
11128
11137
11138
11144
11147
11148
11153
11154
11156
11161
11166
11167
11169
11171
11176
11177
11181
11182
11184
11186
11191
11192
11193
11198
11203
11205
11214
11220
11223
11225
11226
11227
11232
11234
11235
11236
11239
11240
11242
11245
11251
11253
11255
11260
11261
11264
11270
11271
11274
11276
11279
11280
11283
11284
11289
11293
11294
11297
11309
11311
11312
11313
11315
11318
11321
11324
11325
11327
11330
11333
11344
11346
11349
11350
11354
11358
11369
11370
11377
11379
11385
11386
11394
11399
11407
11408
11409
11412
11413
11418
11419
11427
11429
11435
11436
11438
11443
11447
11449
11452
11462
11463
11464
11471
11476
11478
11482
11487
11489
11494
11497
11509
11516
11530
11531
11535
11536
11541
11544
11546
11547
11549
11550
11555
11557
11559
11561
11564
11572
11576
11577
11582
11592
11593
11603
11606
11607
11610
11618
11620
11625
11626
11631
11635
11643
11646
11648
11649
11651
11652
11654
11655
11656
11658
11661
11665
11667
11674
11680
11687
11691
11695
11698
11700
11701
11703
11704
11715
11728
11729
11733
11736
11739
11741
11746
11750
11761
11762
11766
11767
11771
11775
11782
11788
11796
11803
11804
11808
11812
11817
11818
11825
11826
11827
11830
11835
11836
11841
11845
11846
11854
11862
11867
11875
11883
11884
11885
11904
11907
11908
11909
11912
11917
11918
11921
11922
11923
11924
11925
11927
11930
11932
11937
11941
11942
11948
11951
11953
11956
11957
11959
11965
11968
11980
11984
11985
11987
11991
11992
11994
11995
11997
12001
12007
12008
12010
12011
12014
12023
12025
12026
12038
12039
12042
12043
12045
12046
12049
12055
12060
12061
12063
12070
12072
12073
12076
12082
12084
12088
12089
12090
12093
12098
12106
12110
12119
12122
12127
12133
12143
12144
12146
12147
12151
12160
12189
12201
12205
12209
12221
12242
12245
12246
12251
12254
12258
12265
12270
12279
12285
12286
12290
12294
12295
12298
12319
12325
12357
12369
12378
12393
12399
12400
12401
12408
12421
12427
12428
12429
12433
12437
12439
12441
12449
12450
12454
12455
12458
12461
12462
12472
12473
12475
12501
12505
12509
12528
12568
12590
12604
12605
12608
12610
12625
12639
12643
12645
12686
12693
12701
12710
12714
12720
12747
12754
12769
12773
12776
12781
12787
12793
12794
12795
12798
12805
12807
12810
12811
12813
12820
12850
12852
12855
12858
12862
12863
12872
12896
12902
12930
12935
12939
12956
12976
12981
12984
12991
12992
13000
13002
13004
13009
13010
13011
13012
13024
13025
13033
13047
13056
13068
13073
13100
13114
13121
13126
13154
13163
13166
13171
13177
13178
13181
13183
13200
13211
13234
13249
13252
13279
13289
13293
13296
13300
13301
13302
13304
13309
13313
13314
13315
13318
13322
13324
13325
13326
13332
13341
13342
13361
13362
13363
13364
13365
13368
13369
13370
13375
13392
13408
13412
13448
13451
13468
13471
13477
13479
13490
13491
13495
13501
13504
13505
13515
13519
13524
13534
13538
13566
13575
13576
13591
13598
13608
13625
13645
13658
13671
13672
13673
13675
13683
13691
13697
13700
13701
13702
13710
13713
13719
13723
13726
13760
13764
13765
13771
13800
13803
13813
13832
13844
13859
13860
13864
13865
13866
13880
13894
13899
13905
13911
13944
13953
13973
14003
14007
14022
14028
14045
14051
14053
14060
14061
14062
14063
14067
14077
14079
14091
14096
14101
14102
14103
14106
14196
14205
14206
14210
14220
14221
14223
14229
14231
14234
14240
14242
14247
14248
14249
14255
14272
14276
14281
14286
14287
14289
14290
14292
14293
14295
14296
14299
14300
14301
14302
14304
14305
14306
14307
14308
14309
14310
14311
14312
14313
14314
14315
14316
14319
14320
14321
14322
14325
14326
14327
14329
14330
14331
14335
14337
14338
14339
14340
14341
14342
14343
14344
14345
14346
14347
14348
14349
14350
14351
14352
14360
14361
14362
14364
14365
14367
14377
14378
14396
14398
14399
14401
14402
14411
14414
14418
14423
14424
14432
14439
14446
14450
14453
14457
14461
14464
14471
14472
14473
14483
14488
14492
14500
14508
14510
14516
14521
14523
14527
14528
14530
14532
14539
14549
14554
14556
14560
14566
14567
14572
14580
14581
14583
14584
14585
14586
14588
14598
14599
14600
14612
14615
14617
14618
14620
14623
14624
14627
14631
14639
14642
14644
14648
14650
14655
14660
14662
14678
14686
14688
14692
14693
14699
14701
14702
14710
14711
14716
14722
14726
14727
14728
14729
14736
14737
14739
14742
14744
14752
14755
14756
14759
14762
14763
14768
14770
14771
14772
14774
14777
14779
14780
14783
14786
14787
14791
14793
14795
14797
14798
14801
14803
14806
14812
14813
14814
14818
14825
14826
14830
14841
14844
14849
14853
14867
14872
14880
14882
14887
14888
14890
14891
14897
14902
14903
14905
14906
14908
14913
14915
14919
14922
14923
14928
14932
14942
14944
14946
14948
14950
14967
14968
14969
14976
14978
14979
14983
14985
14992
15000
15002
15006
15009
15012
15015
15016
15019
15024
15026
15035
15036
15037
15044
15045
15049
15051
15054
15061
15062
15065
15067
15069
15073
15076
15080
15088
15095
15096
15099
15103
15117
15119
15121
15123
15127
15128
15129
15137
15139
15145
15154
15156
15159
15162
15166
15167
15169
15171
15174
15176
15178
15179
15180
15182
15183
15186
15187
15193
15194
15198
15200
15203
15204
15206
15207
15216
15219
15220
15222
15225
15231
15233
15241
15244
15247
15253
15256
15258
15262
15266
15267
15271
15273
15274
15277
15279
15280
15284
15286
15297
15299
15300
15302
15306
15309
15310
15313
15319
15323
15328
15333
15335
15340
15341
15344
15345
15346
15348
15355
15362
15376
15377
15385
15386
15387
15388
15389
15398
15400
15403
15404
15405
15412
15413
15420
15421
15426
15429
15431
15437
15453
15455
15460
15468
15473
15477
15483
15484
15485
15486
15489
15491
15494
15495
15497
15498
15499
15500
15501
15503
15504
15505
15506
15507
15510
15515
15517
15518
15523
15524
15528
15530
15531
15540
15545
15549
15552
15555
15563
15565
15567
15569
15570
15575
15576
15578
15587
15590
15595
15597
15598
15601
15604
15607
15608
15612
15613
15616
15618
15621
15627
15628
15629
15636
15640
15641
15643
15651
15658
15661
15663
15666
15671
15672
15675
15679
15681
15683
15687
15691
15696
15699
15703
15706
15711
15712
15716
15719
15724
15748
15753
15762
15777
15792
15818
15826
15831
15838
15840
15844
15849
15885
15890
15892
15902
15968
15978
15994
16000
16001
16002
16003
16006
16010
16011
16016
16021
16022
16028
16030
16032
16033
16037
16069
16075
16078
16079
16082
16101
16112
16149
16155
16177
16181
16183
16198
16201
16217
16247
16253
16259
16262
16274
16287
16323
16326
16328
16345
16346
16353
16360
16371
16372
16380
16392
16406
16428
16431
16432
16435
16452
16460
16480
16544
16545
16547
16553
16554
16556
16557
16559
16560
16561
16569
16571
16574
16575
16577
16581
16582
16583
16585
16586
16601
16613
16618
16651
16667
16678
16688
16694
16724
16725
16729
16730
16732
16733
16735
16736
16740
16742
16746
16751
16754
16773
16783
16807
16864
16869
16873
16876
16877
16886
16888
16895
16896
16897
16936
16939
16941
16942
16981
17006
17024
17031
17048
17050
17064
17068
17080
17085
17088
17093
17096
17097
17114
17126
17131
17139
17145
17148
17167
17181
17218
17224
17230
17244
17252
17256
17264
17265
17276
17277
17283
17299
17302
17311
17323
17330
17333
17340
17341
17358
17373
17387
17389
17405
17407
17421
17433
17437
17440
17444
17451
17453
17461
17465
17472
17473
17480
17535
17549
17552
17557
17595
17601
17626
17637
17641
17653
17655
17673
17674
17676
17692
17739
17763
17778
17779
17783
17793
17802
17804
17813
17815
17846
17849
17858
17859
17860
17862
17863
17864
17865
17866
17867
17868
17869
17870
17871
17872
17873
17874
17875
17877
17878
17880
17883
17884
17885
17886
17887
17891
17892
17893
17894
17895
17897
17898
17899
17900
17902
17903
17904
17905
17906
17908
17909
17910
17911
17912
17913
17914
17915
17916
17917
17918
17919
17920
17921
17922
17923
17924
17925
17932
17934
17935
17951
17952
17959
17966
17970
17972
17974
17975
17984
17989
17991
17993
17996
17997
18005
18012
18019
18021
18022
18023
18024
18029
18030
18032
18034
18040
18052
18059
18061
18062
18064
18072
18076
18079
18086
18089
18095
18096
18108
18112
18115
18125
18126
18138
18140
18151
18153
18156
18158
18159
18161
18163
18166
18173
18177
18184
18185
18187
18188
18190
18193
18196
18197
18203
18205
18212
18233
18237
18239
18244
18249
18251
18253
18265
18273
18277
18299
18309
18310
18312
18315
18316
18318
18320
18322
18323
18326
18337
18349
18350
18352
18353
18354
18358
18360
18361
18364
18365
18366
18367
18372
18376
18378
18379
18382
18384
18385
18394
18407
18409
18416
18417
18442
18443
18444
18453
18461
18468
18469
18470
18471
18488
18489
18492
18493
18494
18495
18499
18518
18520
18524
18528
18532
18536
18537
18538
18546
18549
18550
18551
18553
18559
18565
18589
18594
18595
18596
18597
18602
18606
18608
18609
18610
18613
18618
18623
18624
18626
18630
18633
18634
18635
18642
18643
18651
18655
18656
18660
18661
18683
18687
18689
18691
18696
18702
18708
18711
18718
18723
18737
18738
18746
18749
18751
18758
18759
18776
18780
18782
18796
18799
18801
18804
18807
18811
18817
18823
18828
18831
18839
18841
18844
18846
18848
18851
18866
18869
18882
18884
18892
18895
18897
18901
18912
18918
18931
18934
18935
18937
18949
18950
18953
18954
18955
18958
18961
18962
18972
18974
18976
18984
18987
18988
18996
19002
19005
19009
19011
19018
19021
19028
19033
19036
19037
19056
19058
19062
19069
19070
19072
19073
19076
19078
19082
19087
19096
19100
19101
19103
19108
19111
19113
19114
19117
19121
19124
19125
19137
19139
19140
19143
19144
19151
19156
19158
19160
19170
19174
19185
19191
19193
19194
19201
19202
19207
19211
19221
19228
19234
19235
19239
19259
19260
19262
19264
19269
19273
19278
19283
19284
19285
19292
19303
19304
19335
19365
19387
19392
19397
19401
19402
19404
19408
19413
19416
19417
19422
19427
19458
19465
19476
19538
19544
19545
19551
19567
19579
19583
19584
19604
19607
19609
19649
19651
19652
19658
19663
19756
19773
19775
19779
19780
19781
19783
19787
19800
19832
19847
19860
19896
19907
19919
19921
19922
19926
19933
19935
19945
19947
19948
19951
19953
19955
19965
19966
19979
19983
20001
20004
20033
20051
20076
20081
20086
20090
20117
20126
20129
20132
20135
20144
20148
20149
20154
20155
20168
20170
20179
20182
20205
20214
20217
20224
20251
20267
20292
20297
20298
20301
20305
20310
20322
20324
20327
20342
20347
20352
20355
20380
20415
20449
20450
20461
20468
20469
20473
20487
20514
20515
20523
20532
20554
20562
20597
20623
20626
20637
20641
20642
20645
20653
20661
20681
20699
20704
20712
20716
20741
20754
20791
20797
20817
20820
20825
20826
20829
20837
20845
20846
20848
20856
20865
20903
20906
20914
20916
20927
20945
20976
20978
20980
20990
21006
21010
21017
21028
21029
21038
21110
21130
21148
21157
21158
21159
21162
21173
21197
21199
21200
21221
21225
21247
21315
21352
21356
21359
21368
21373
21375
21388
21418
21419
21422
21431
21432
21433
21435
21437
21438
21439
21440
21443
21444
21445
21447
21448
21451
21453
21455
21456
21457
21458
21459
21460
21462
21463
21464
21465
21466
21467
21468
21471
21472
21473
21475
21476
21477
21478
21479
21480
21483
21484
21485
21486
21487
21488
21489
21490
21492
21493
21494
21495
21496
21497
21498
21505
21507
21508
21516
21518
21520
21525
21530
21538
21545
21559
21560
21570
21575
21584
21585
21595
21603
21614
21634
21641
21646
21657
21668
21669
21671
21673
21680
21688
21695
21698
21699
21702
21713
21717
21719
21731
21732
21744
21759
21761
21763
21764
21769
21770
21777
21785
21788
21795
21796
21797
21806
21807
21812
21816
21817
21841
21845
21855
21872
21877
21879
21880
21881
21885
21896
21903
21909
21912
21921
21923
21924
21925
21929
21931
21932
21933
21940
21943
21946
21953
21954
21958
21970
21977
21978
21986
21993
21994
21998
22004
22006
22013
22015
22026
22028
22029
22033
22034
22036
22041
22043
22044
22046
22050
22052
22064
22065
22069
22097
22099
22105
22107
22115
22119
22123
22128
22132
22137
22145
22146
22150
22152
22154
22157
22158
22163
22170
22172
22175
22180
22181
22182
22183
22197
22203
22227
22239
22246
22249
22259
22263
22269
22275
22276
22281
22283
22291
22296
22299
22319
22322
22334
22339
22340
22343
22346
22351
22352
22353
22354
22356
22368
22372
22373
22386
22387
22392
22396
22400
22401
22402
22404
22412
22416
22417
22421
22439
22445
22447
22452
22455
22456
22463
22469
22470
22474
22476
22481
22482
22486
22487
22489
22491
22492
22493
22497
22505
22508
22509
22515
22521
22522
22523
22536
22546
22549
22553
22555
22557
22560
22561
22568
22570
22571
22573
22578
22580
22601
22604
22605
22610
22612
22627
22629
22635
22640
22641
22642
22644
22646
22650
22651
22655
22656
22658
22667
22669
22671
22672
22676
22677
22686
22691
22696
22698
22699
22703
22704
22706
22711
22712
22720
22722
22731
22744
22747
22764
22766
22768
22770
22771
22782
22789
22803
22808
22811
22812
22813
22818
22835
22841
22845
22846
22858
22865
22868
22876
22881
22908
22951
22974
22975
22977
22988
23004
23013
23031
23047
23058
23059
23140
23145
23148
23151
23152
23157
23158
23168
23176
23179
23180
23188
23190
23194
23215
23222
23224
23225
23230
23317
23320
23331
23334
23346
23353
23354
23356
23387
23393
23405
23408
23410
23411
23439
23492
23497
23506
23510
23526
23528
23531
23538
23544
23552
23574
23577
23583
23607
23618
23662
23700
23705
23706
23720
23721
23722
23729
23731
23737
23758
23776
23778
23797
23803
23814
23836
23867
23868
23875
23883
23889
23898
23900
23902
23919
23931
24001
24008
24018
24022
24023
24030
24035
24041
24042
24082
24084
24087
24088
24105
24111
24127
24170
24196
24207
24210
24214
24215
24227
24234
24238
24252
24254
24272
24285
24295
24327
24345
24359
24364
24390
24393
24398
24399
24409
24410
24416
24419
24429
24437
24438
24446
24469
24475
24476
24478
24479
24482
24486
24505
24534
24551
24552
24553
24579
24583
24585
24590
24607
24611
24612
24622
24658
24673
24703
24704
24735
24746
24772
24778
24782
24783
24789
24798
24800
24802
24808
24812
24845
24853
24867
24870
24925
24929
24940
24948
24961
24965
24995
25004
25005
25007
25009
25010
25011
25012
25013
25016
25017
25018
25019
25020
25022
25023
25026
25028
25029
25030
25031
25032
25034
25036
25037
25038
25039
25040
25041
25045
25047
25048
25049
25050
25053
25054
25055
25056
25057
25058
25060
25061
25062
25063
25064
25065
25066
25067
25068
25069
25070
25071
25078
25079
25080
25081
25091
25093
25096
25097
25098
25102
25123
25134
25136
25137
25139
25149
25156
25167
25169
25170
25174
25183
25201
25207
25214
25217
25218
25219
25220
25227
25238
25239
25241
25252
25253
25255
25258
25261
25268
25271
25272
25276
25286
25289
25292
25301
25312
25317
25321
25327
25329
25330
25337
25338
25342
25343
25368
25372
25379
25382
25383
25390
25412
25415
25418
25422
25436
25445
25452
25455
25456
25458
25462
25465
25474
25483
25495
25496
25498
25506
25511
25515
25517
25526
25530
25532
25534
25538
25552
25566
25571
25572
25573
25596
25599
25601
25607
25610
25614
25620
25622
25626
25638
25640
25641
25644
25652
25653
25658
25663
25674
25678
25680
25692
25695
25701
25702
25722
25725
25733
25741
25742
25743
25746
25752
25755
25756
25762
25766
25770
25773
25782
25787
25793
25802
25810
25812
25842
25853
25857
25862
25864
25869
25872
25875
25883
25884
25886
25891
25895
25897
25898
25899
25904
25914
25915
25923
25928
25940
25942
25945
25949
25974
25977
25986
25990
26003
26008
26016
26025
26028
26031
26032
26042
26043
26051
26068
26071
26075
26083
26085
26091
26095
26096
26097
26122
26123
26124
26132
26139
26140
26151
26153
26166
26175
26176
26183
26190
26200
26202
26203
26208
26210
26214
26216
26217
26222
26224
26229
26243
26249
26250
26252
26257
26259
26268
26270
26272
26273
26276
26283
26286
26293
26295
26300
26302
26304
26309
26320
26332
26336
26337
26339
26343
26346
26359
26360
26362
26376
26385
26387
26397
26409
26428
26433
26438
26447
26474
26515
26545
26547
26548
26550
26558
26577
26604
26713
26721
26725
26730
26770
26785
26794
26797
26798
26800
26893
26907
26920
26926
26927
26936
26956
27045
27065
27072
27073
27076
27079
27091
27099
27112
27125
27147
27148
27150
27153
27240
27272
27280
27294
27305
27314
27323
27328
27329
27336
27385
27395
27408
27445
27449
27458
27462
27473
27492
27493
27531
27581
27591
27595
27596
27612
27614
27615
27650
27651
27660
27661
27743
27769
27771
27772
27783
27787
27788
27807
27816
27820
27827
27845
27858
27937
27963
27966
27972
27979
27982
27983
27995
28002
28011
28018
28051
28052
28055
28068
28124
28126
28148
28150
28151
28156
28163
28174
28182
28195
28196
28199
28233
28236
28264
28276
28290
28308
28337
28345
28351
28355
28358
28359
28360
28362
28366
28368
28371
28375
28418
28426
28443
28460
28498
28502
28514
28521
28568
28577
28578
28579
28580
28582
28583
28584
28585
28586
28589
28590
28591
28592
28594
28595
28596
28597
28599
28600
28601
28602
28603
28604
28605
28611
28612
28613
28614
28617
28618
28619
28620
28621
28622
28623
28624
28626
28627
28628
28629
28630
28632
28633
28634
28635
28636
28637
28638
28639
28640
28641
28642
28643
28644
28651
28653
28654
28655
28656
28664
28666
28667
28672
28676
28686
28687
28691
28695
28696
28705
28707
28708
28709
28714
28716
28729
28741
28747
28748
28750
28767
28771
28774
28780
28790
28791
28794
28800
28802
28806
28813
28825
28826
28827
28831
28836
28844
28845
28849
28859
28860
28865
28872
28874
28876
28885
28909
28915
28919
28934
28941
28952
28953
28955
28956
28963
28971
28974
28986
28987
28991
28993
28995
29009
29018
29025
29027
29030
29034
29042
29048
29052
29057
29058
29064
29067
29069
29070
29071
29079
29093
29101
29103
29106
29107
29110
29112
29118
29128
29133
29143
29144
29150
29151
29159
29162
29172
29174
29180
29185
29186
29187
29196
29198
29203
29204
29213
29215
29223
29224
29225
29227
29244
29247
29252
29253
29256
29257
29261
29262
29264
29265
29267
29272
29274
29275
29276
29279
29285
29286
29291
29304
29306
29308
29310
29311
29312
29315
29316
29318
29327
29328
29329
29334
29340
29342
29355
29360
29364
29368
29382
29385
29386
29397
29422
29437
29440
29445
29456
29458
29462
29466
29468
29470
29473
29487
29495
29496
29499
29502
29508
29515
29517
29518
29519
29524
29530
29542
29547
29548
29556
29563
29585
29612
29615
29619
29627
29644
29651
29665
29667
29668
29669
29675
29681
29691
29696
29697
29701
29712
29713
29726
29730
29737
29739
29743
29749
29750
29756
29769
29775
29776
29783
29787
29790
29797
29799
29801
29809
29830
29835
29836
29837
29838
29841
29842
29844
29845
29846
29856
29859
29860
29861
29877
29879
29881
29889
29897
29910
29912
29916
29917
29928
29929
29932
29935
29956
29958
29959
29970
29972
29986
29996
30008
30011
30026
30086
30118
30121
30123
30136
30146
30150
30154
30160
30161
30183
30186
30190
30193
30223
30266
30272
30286
30290
30298
30301
30303
30339
30367
30370
30371
30373
30384
30458
30466
30499
30500
30509
30521
30626
30638
30646
30652
30654
30663
30665
30672
30685
30698
30716
30720
30721
30723
30726
30772
30793
30811
30813
30840
30853
30856
30866
30876
30877
30878
30896
30902
30937
30957
30967
30970
31016
31019
31031
31035
31043
31045
31046
31048
31049
31058
31072
31134
31154
31161
31164
31168
31169
31174
31178
31187
31188
31205
31233
31239
31339
31342
31355
31356
31380
31381
31389
31400
31414
31418
31423
31425
31431
31510
31536
31550
31552
31556
31559
31561
31575
31576
31584
31589
31595
31624
31625
31626
31628
31635
31697
31698
31714
31721
31732
31736
31737
31740
31748
31755
31758
31768
31772
31801
31809
31849
31884
31885
31918
31929
31931
31938
31941
31943
31966
31991
31999
32067
32071
32075
32085
32086
32087
32094
32140
32141
32150
32151
32152
32154
32155
32156
32157
32158
32159
32160
32163
32164
32167
32169
32170
32172
32173
32174
32175
32176
32177
32178
32180
32184
32185
32186
32187
32190
32192
32193
32194
32195
32196
32197
32199
32202
32204
32205
32206
32207
32208
32209
32210
32211
32212
32213
32214
32215
32219
32224
32226
32227
32228
32238
32239
32240
32243
32246
32247
32249
32252
32263
32266
32268
32280
32284
32287
32299
32301
32303
32305
32307
32310
32311
32315
32316
32325
32329
32347
32353
32357
32363
32364
32366
32367
32368
32376
32379
32388
32393
32399
32400
32417
32418
32419
32432
32433
32438
32445
32451
32452
32453
32455
32478
32480
32488
32502
32503
32514
32518
32525
32528
32554
32555
32558
32564
32582
32603
32608
32614
32620
32627
32630
32631
32638
32640
32644
32645
32649
32650
32655
32658
32659
32665
32668
32673
32679
32682
32691
32706
32712
32715
32720
32725
32732
32735
32742
32743
32744
32745
32753
32754
32755
32757
32760
32777
32785
32787
32799
32818
32823
32824
32826
32832
32833
32840
32847
32848
32850
32852
32859
32861
32873
32874
32876
32887
32888
32889
32894
32899
32900
32901
32902
32905
32907
32912
32916
32925
32933
32947
32954
32960
32966
32968
32971
32977
32984
33010
33041
33056
33057
33058
33060
33065
33067
33068
33071
33080
33085
33088
33091
33093
33096
33097
33103
33126
33133
33152
33162
33164
33170
33173
33174
33175
33179
33181
33184
33188
33192
33205
33206
33209
33217
33219
33231
33240
33241
33242
33243
33245
33250
33256
33259
33265
33268
33269
33272
33274
33285
33286
33288
33289
33310
33312
33329
33348
33356
33357
33360
33361
33370
33373
33389
33402
33403
33412
33415
33416
33418
33423
33428
33429
33437
33441
33449
33450
33454
33471
33473
33478
33483
33484
33485
33489
33498
33500
33502
33506
33522
33524
33528
33531
33535
33537
33546
33550
33557
33559
33564
33566
33580
33584
33593
33598
33643
33664
33685
33691
33694
33696
33717
33719
33759
33796
33830
33859
33871
33874
33876
33884
33902
33943
33944
33946
34039
34047
34049
34063
34073
34077
34151
34184
34199
34219
34225
34232
34237
34239
34245
34258
34262
34289
34293
34294
34296
34297
34303
34329
34345
34386
34418
34419
34420
34442
34443
34445
34446
34452
34469
34471
34474
34525
34555
34591
34595
34599
34611
34618
34619
34622
34727
34737
34741
34742
34748
34760
34761
34806
34823
34912
34924
34928
34929
34931
34939
34945
34953
34954
34956
34962
34991
35004
35038
35064
35083
35086
35118
35125
35129
35148
35149
35150
35168
35197
35198
35199
35201
35208
35252
35253
35270
35294
35302
35307
35309
35310
35328
35335
35366
35371
35374
35410
35412
35419
35422
35460
35496
35499
35504
35508
35510
35519
35526
35572
35593
35630
35640
35644
35646
35648
35667
35684
35713
35723
35724
35725
35726
35727
35729
35730
35731
35735
35736
35737
35738
35739
35740
35741
35743
35744
35745
35746
35747
35748
35749
35750
35751
35753
35755
35756
35757
35758
35759
35760
35762
35766
35767
35768
35769
35772
35774
35777
35778
35779
35780
35781
35782
35783
35784
35785
35786
35787
35788
35789
35790
35792
35797
35811
35812
35816
35832
35836
35837
35853
35861
35872
35878
35883
35889
35893
35895
35896
35897
35900
35913
35920
35923
35924
35926
35937
35941
35955
35963
35966
35971
35991
35995
35998
36006
36012
36016
36019
36030
36051
36059
36065
36077
36080
36085
36087
36091
36101
36102
36128
36133
36142
36172
36183
36203
36206
36210
36213
36214
36215
36218
36227
36228
36231
36233
36244
36246
36250
36251
36253
36255
36263
36264
36266
36279
36284
36297
36303
36305
36306
36314
36316
36318
36324
36325
36326
36330
36332
36334
36335
36338
36339
36352
36355
36358
36359
36363
36370
36372
36384
36393
36394
36397
36418
36420
36425
36432
36443
36450
36461
36462
36465
36467
36473
36474
36475
36482
36485
36487
36489
36497
36498
36505
36509
36510
36521
36529
36531
36539
36541
36562
36568
36583
36585
36586
36591
36603
36604
36614
36619
36625
36627
36628
36630
36634
36638
36640
36641
36644
36646
36656
36662
36666
36669
36670
36680
36682
36683
36686
36691
36700
36720
36731
36733
36735
36752
36757
36758
36763
36764
36765
36768
36773
36784
36787
36790
36795
36797
36813
36814
36815
36819
36827
36833
36842
36843
36847
36858
36862
36864
36869
36885
36888
36889
36894
36898
36902
36924
36929
36930
36933
36943
36946
36947
36950
36951
36956
36957
36959
36964
36965
36966
36969
36976
36984
36988
36989
36992
37002
37009
37012
37023
37025
37027
37046
37049
37051
37056
37058
37080
37097
37101
37108
37113
37115
37119
37122
37130
37135
37137
37147
37154
37157
37158
37159
37166
37206
37226
37264
37267
37269
37281
37283
37288
37289
37296
37329
37332
37342
37369
37404
37410
37432
37444
37447
37449
37455
37461
37467
37473
37475
37482
37489
37516
37517
37519
37524
37528
37531
37612
37638
37646
37665
37792
37798
37812
37818
37819
37831
37846
37859
37866
37867
37869
37870
37876
37915
37959
37985
37987
37995
37999
38018
38020
38029
38042
38047
38092
38130
38155
38175
38192
38194
38212
38215
38218
38300
38310
38311
38314
38315
38324
38329
38331
38333
38377
38396
38488
38502
38504
38518
38526
38527
38530
38535
38539
38543
38564
38577
38582
38588
38637
38641
38656
38686
38698
38702
38721
38730
38770
38771
38772
38774
38843
38867
38874
38880
38882
38889
38901
38914
38915
38916
38939
38944
38947
38985
38995
39038
39040
39063
39079
39092
39093
39094
39145
39203
39217
39219
39221
39232
39233
39240
39256
39277
39285
39286
39296
39297
39298
39299
39300
39301
39302
39303
39304
39305
39306
39308
39309
39310
39311
39312
39313
39316
39319
39321
39322
39323
39324
39326
39327
39328
39329
39330
39331
39332
39333
39336
39339
39340
39341
39342
39343
39345
39347
39348
39349
39350
39351
39352
39353
39354
39355
39356
39357
39358
39359
39360
39361
39363
39383
39384
39385
39388
39390
39395
39405
39410
39433
39437
39438
39456
39459
39461
39470
39473
39488
39493
39499
39510
39511
39528
39529
39536
39537
39546
39564
39570
39571
39579
39586
39592
39593
39597
39611
39623
39624
39625
39642
39650
39664
39689
39690
39695
39701
39704
39740
39741
39744
39745
39748
39752
39753
39763
39768
39770
39773
39776
39777
39786
39793
39798
39802
39804
39812
39817
39819
39820
39821
39825
39826
39829
39830
39850
39858
39864
39866
39873
39879
39881
39882
39886
39889
39891
39894
39899
39904
39907
39912
39918
39925
39936
39950
39957
39966
39970
39975
39976
39979
39989
39995
39998
39999
40002
40014
40015
40016
40022
40027
40034
40035
40040
40041
40043
40045
40046
40048
40056
40065
40067
40069
40070
40071
40075
40080
40083
40085
40088
40102
40112
40119
40123
40156
40159
40177
40181
40187
40191
40192
40197
40203
40204
40206
40207
40211
40214
40217
40226
40229
40230
40235
40239
40242
40243
40244
40266
40275
40277
40287
40298
40299
40308
40319
40321
40325
40330
40337
40338
40345
40349
40357
40358
40363
40386
40387
40388
40394
40402
40405
40415
40426
40458
40460
40462
40471
40475
40476
40498
40508
40509
40516
40518
40519
40520
40523
40528
40538
40540
40544
40546
40557
40565
40571
40575
40581
40607
40612
40616
40617
40619
40625
40626
40631
40633
40634
40643
40662
40670
40681
40686
40695
40703
40708
40724
40727
40730
40738
40739
40837
40840
40842
40860
40861
40873
40905
40942
40969
40977
41001
41005
41008
41020
41022
41025
41040
41042
41046
41090
41092
41097
41098
41132
41185
41188
41219
41261
41360
41365
41371
41382
41384
41391
41392
41439
41440
41442
41488
41499
41511
41527
41532
41560
41570
41571
41579
41596
41615
41617
41621
41649
41652
41669
41683
41701
41728
41732
41736
41757
41762
41765
41767
41785
41873
41876
41887
41888
41899
41906
41925
41949
41950
41957
41969
42039
42069
42072
42075
42077
42089
42090
42091
42099
42104
42112
42150
42161
42229
42271
42275
42284
42287
42294
42306
42343
42344
42345
42347
42416
42440
42448
42453
42455
42474
42478
42517
42520
42528
42558
42568
42588
42643
42647
42648
42650
42658
42659
42665
42667
42671
42685
42718
42776
42790
42813
42830
42856
42858
42859
42869
42870
42871
42875
42876
42877
42878
42880
42882
42883
42884
42885
42886
42887
42892
42894
42896
42897
42900
42901
42904
42905
42908
42909
42913
42914
42915
42918
42920
42923
42924
42925
42926
42927
42928
42929
42930
42931
42932
42933
42934
42935
42936
42944
42945
42949
42958
42963
42964
42974
42977
42978
42979
42996
42997
42998
42999
43007
43013
43029
43030
43035
43039
43057
43058
43061
43066
43067
43096
43101
43102
43111
43120
43129
43141
43144
43152
43153
43154
43155
43157
43167
43168
43178
43192
43198
43210
43223
43232
43237
43263
43269
43270
43279
43293
43312
43314
43318
43319
43335
43338
43345
43346
43351
43354
43355
43357
43362
43371
43373
43376
43377
43378
43390
43391
43399
43403
43406
43420
43423
43428
43439
43443
43455
43458
43460
43464
43472
43485
43498
43506
43509
43512
43539
43550
43553
43571
43579
43587
43588
43589
43596
43601
43606
43607
43608
43612
43619
43620
43621
43622
43629
43635
43640
43646
43650
43667
43685
43687
43700
43705
43710
43714
43729
43741
43754
43760
43762
43766
43769
43776
43777
43782
43784
43791
43793
43812
43814
43817
43828
43842
43847
43850
43863
43869
43881
43886
43892
43903
43907
43911
43920
43925
43929
43930
43942
43943
43948
43959
43961
43965
43975
43979
43981
43982
43988
43989
44008
44017
44027
44031
44033
44035
44037
44052
44080
44082
44083
44088
44089
44096
44101
44102
44107
44112
44117
44135
44140
44146
44147
44148
44151
44153
44154
44171
44186
44195
44199
44202
44211
44213
44236
44242
44243
44246
44250
44258
44259
44262
44267
44268
44272
44274
44281
44303
44307
44311
44317
44318
44413
44415
44426
44434
44441
44442
44446
44478
44528
44550
44578
44589
44593
44595
44605
44613
44615
44651
44659
44661
44663
44665
44670
44671
44676
44758
44791
44792
44813
44838
44905
44942
44944
44957
44964
44965
45001
45012
45013
45021
45023
45025
45061
45086
45105
45133
45152
45168
45171
45176
45188
45219
45239
45240
45301
45307
45308
45321
45325
45328
45341
45373
45433
45446
45460
45470
45479
45480
45491
45516
45522
45523
45542
45598
45609
45612
45639
45643
45648
45650
45672
45692
45723
45729
45730
45837
45844
45857
45858
45867
45879
45916
45917
45918
45920
46001
46013
46021
46028
46045
46047
46055
46060
46065
46090
46093
46094
46097
46101
46131
46141
46143
46146
46161
46211
46214
46221
46235
46238
46280
46291
46349
46363
46376
46378
46386
46402
46412
46426
46427
46431
46432
46442
46443
46445
46446
46448
46449
46450
46453
46455
46456
46457
46458
46461
46462
46464
46465
46467
46469
46470
46475
46477
46478
46479
46482
46484
46486
46487
46488
46491
46493
46495
46496
46497
46498
46499
46500
46501
46502
46503
46504
46505
46506
46507
46508
46509
46518
46536
46544
46550
46555
46556
46567
46569
46570
46571
46579
46588
46596
46598
46606
46608
46609
46614
46634
46639
46648
46649
46675
46678
46679
46685
46711
46713
46714
46725
46751
46756
46757
46758
46769
46770
46796
46810
46816
46819
46820
46842
46847
46866
46891
46894
46897
46906
46911
46917
46919
46951
46954
46958
46963
46969
46970
46974
46976
46991
47004
47010
47012
47016
47025
47030
47032
47033
47035
47044
47045
47056
47058
47070
47071
47079
47080
47082
47087
47088
47091
47092
47102
47104
47112
47131
47133
47139
47140
47149
47152
47161
47162
47171
47172
47180
47192
47194
47202
47205
47213
47220
47223
47227
47238
47261
47269
47276
47277
47278
47291
47292
47294
47301
47302
47310
47318
47319
47322
47333
47337
47341
47345
47347
47353
47355
47357
47361
47365
47375
47376
47383
47397
47403
47405
47415
47417
47423
47432
47433
47439
47443
47449
47452
47454
47458
47476
47484
47487
47500
47504
47514
47521
47528
47532
47534
47552
47555
47560
47566
47570
47580
47586
47601
47604
47608
47610
47625
47626
47641
47647
47652
47655
47656
47661
47662
47663
47664
47680
47681
47684
47688
47690
47693
47695
47710
47711
47719
47721
47726
47727
47740
47742
47747
47763
47772
47775
47790
47791
47823
47831
47832
47837
47845
47847
47863
47876
47885
47904
47971
47986
47988
47991
47999
48000
48007
48015
48019
48051
48081
48123
48151
48156
48166
48168
48174
48186
48188
48194
48224
48234
48236
48238
48244
48246
48331
48337
48342
48349
48358
48365
48366
48383
48414
48478
48512
48515
48517
48537
48538
48574
48578
48586
48593
48634
48647
48685
48704
48706
48717
48725
48728
48731
48734
48739
48741
48742
48761
48765
48767
48786
48812
48822
48830
48833
48874
48881
48906
48908
48911
49019
49033
49050
49052
49057
49068
49071
49095
49096
49218
49223
49234
49245
49265
49296
49302
49303
49413
49417
49440
49457
49483
49489
49490
49491
49493
49501
49549
49574
49586
49601
49614
49620
49638
49664
49666
49667
49714
49716
49723
49736
49794
49796
49798
49807
49811
49812
49922
49951
49952
49959
49960
49961
49972
49977
50000
50004
50005
50015
50016
50017
50019
50020
50021
50022
50023
50024
50026
50027
50029
50034
50035
50037
50038
50039
50040
50042
50043
50044
50048
50050
50052
50055
50059
50060
50061
50064
50066
50067
50069
50070
50072
50073
50074
50075
50076
50077
50078
50079
50080
50081
50082
50091
50105
50110
50123
50128
50129
50133
50140
50143
50167
50179
50181
50185
50186
50206
50218
50222
50231
50241
50248
50258
50298
50305
50313
50316
50320
50323
50324
50341
50358
50405
50415
50421
50437
50439
50451
50454
50462
50464
50470
50474
50489
50492
50496
50498
50502
50506
50507
50509
50512
50524
50544
50545
50549
50555
50559
50562
50571
50577
50585
50606
50607
50615
50618
50625
50626
50639
50643
50644
50647
50652
50653
50660
50661
50676
50677
50680
50685
50697
50706
50713
50721
50722
50727
50734
50735
50745
50746
50747
50749
50753
50765
50774
50777
50784
50786
50790
50796
50822
50825
50831
50850
50851
50870
50875
50895
50905
50906
50907
50919
50920
50922
50923
50924
50954
50955
50958
50959
50963
50977
50990
50996
51006
51012
51016
51031
51038
51041
51047
51049
51057
51060
51087
51088
51090
51093
51094
51101
51105
51107
51110
51112
51119
51121
51126
51127
51130
51135
51142
51147
51153
51156
51177
51181
51192
51195
51198
51203
51206
51220
51227
51228
51229
51234
51236
51237
51238
51243
51247
51281
51283
51289
51292
51293
51294
51310
51320
51325
51333
51341
51348
51351
51359
51360
51364
51365
51384
51387
51394
51396
51405
51410
51411
51413
51418
51422
51431
51449
51458
51559
51561
51580
51587
51624
51642
51654
51696
51710
51724
51739
51759
51763
51765
51773
51778
51797
51807
51811
51815
51904
51911
51921
51923
51934
51938
51951
51987
51998
52031
52051
52078
52088
52090
52101
52102
52110
52111
52138
52159
52203
52204
52207
52235
52279
52296
52298
52314
52334
52336
52344
52359
52389
52396
52447
52451
52454
52459
52460
52466
52482
52487
52508
52511
52592
52599
52604
52625
52627
52630
52668
52669
52752
52796
52804
52807
52809
52818
52831
52838
52869
52874
52901
52917
52989
52990
52993
53013
53026
53060
53062
53063
53064
53066
53074
53122
53147
53159
53174
53184
53185
53193
53206
53226
53237
53239
53244
53245
53287
53307
53362
53375
53381
53384
53408
53415
53452
53495
53510
53525
53532
53548
53577
53578
53588
53589
53590
53591
53592
53593
53594
53595
53596
53597
53598
53599
53600
53601
53602
53603
53611
53612
53613
53615
53616
53617
53621
53623
53624
53625
53627
53628
53629
53630
53631
53632
53633
53634
53637
53640
53641
53642
53643
53644
53645
53646
53647
53648
53649
53650
53651
53652
53653
53654
53655
53682
53685
53687
53696
53699
53701
53702
53705
53706
53708
53713
53721
53726
53740
53780
53788
53791
53803
53821
53825
53835
53851
53897
53916
53926
53927
53940
53942
53945
53964
53966
53991
53998
54012
54021
54032
54034
54037
54044
54052
54055
54057
54071
54075
54082
54084
54093
54097
54101
54110
54112
54117
54122
54124
54135
54139
54141
54150
54162
54165
54166
54176
54177
54179
54181
54188
54189
54197
54198
54201
54214
54217
54225
54230
54249
54252
54258
54259
54262
54265
54269
54290
54292
54297
54306
54307
54316
54317
54318
54326
54327
54328
54338
54339
54359
54369
54371
54385
54394
54398
54423
54428
54436
54443
54454
54467
54473
54474
54478
54479
54486
54497
54502
54503
54512
54520
54521
54527
54529
54536
54537
54539
54542
54543
54555
54564
54569
54578
54579
54593
54595
54603
54604
54609
54615
54619
54622
54638
54644
54653
54656
54658
54660
54661
54667
54672
54678
54680
54683
54687
54694
54695
54703
54706
54720
54726
54727
54729
54743
54746
54776
54789
54795
54798
54800
54802
54803
54826
54830
54832
54836
54838
54858
54863
54864
54865
54866
54871
54873
54879
54883
54899
54906
54921
54927
54928
54930
54932
54937
54939
54954
54959
54967
54969
54977
54983
54993
54995
54998
55004
55012
55022
55036
55077
55100
55132
55134
55145
55146
55153
55155
55165
55197
55227
55269
55273
55283
55297
55303
55306
55312
55330
55332
55352
55370
55371
55380
55384
55385
55446
55454
55477
55503
55511
55524
55564
55568
55570
55624
55661
55663
55670
55674
55679
55683
55692
55732
55737
55777
55780
55820
55830
55852
55861
55871
55873
55876
55877
55881
55907
55909
55912
55913
55923
55932
55942
55956
55971
56020
56035
56039
56057
56061
56064
56077
56080
56124
56143
56165
56177
56190
56200
56210
56235
56239
56241
56242
56254
56257
56308
56361
56369
56383
56391
56404
56408
56435
56438
56442
56445
56474
56518
56562
56563
56566
56576
56577
56599
56633
56635
56636
56637
56639
56699
56729
56732
56747
56754
56758
56759
56760
56766
56767
56810
56812
56860
56887
56951
56956
56979
56988
57068
57076
57083
57105
57106
57123
57150
57151
57156
57161
57162
57163
57164
57165
57166
57167
57169
57170
57171
57173
57174
57175
57182
57184
57185
57186
57187
57188
57189
57190
57194
57196
57197
57198
57200
57201
57202
57203
57204
57205
57206
57207
57209
57210
57211
57215
57216
57219
57220
57221
57222
57223
57224
57225
57227
57228
57236
57244
57251
57254
57257
57258
57269
57272
57273
57278
57313
57319
57325
57326
57335
57337
57354
57359
57361
57364
57368
57387
57394
57398
57430
57436
57440
57454
57457
57461
57470
57471
57485
57499
57500
57508
57515
57539
57550
57571
57585
57587
57610
57617
57627
57630
57635
57641
57647
57648
57655
57658
57660
57670
57672
57692
57693
57695
57697
57698
57700
57703
57704
57705
57708
57722
57723
57730
57738
57740
57746
57750
57761
57772
57773
57777
57787
57790
57811
57819
57823
57825
57829
57831
57837
57838
57839
57843
57848
57863
57867
57868
57877
57878
57882
57887
57888
57890
57898
57899
57900
57906
57908
57911
57912
57931
57936
57942
57953
57966
57967
57980
57997
58001
58013
58038
58047
58052
58059
58060
58065
58066
58068
58075
58076
58084
58085
58089
58093
58100
58102
58106
58130
58134
58137
58138
58142
58151
58152
58165
58166
58168
58173
58184
58195
58203
58205
58216
58222
58228
58231
58233
58234
58251
58260
58274
58276
58299
58302
58303
58308
58333
58344
58371
58374
58375
58379
58381
58384
58390
58405
58408
58412
58427
58430
58436
58437
58442
58443
58445
58464
58467
58473
58479
58482
58494
58497
58503
58507
58512
58524
58542
58553
58556
58557
58564
58568
58577
58591
58602
58605
58681
58704
58705
58707
58726
58728
58743
58768
58770
58777
58779
58780
58786
58800
58842
58856
58876
58885
58886
58905
58919
58943
58953
58957
58958
59008
59027
59032
59067
59084
59163
59197
59232
59234
59250
59256
59270
59305
59350
59353
59425
59430
59446
59460
59462
59480
59484
59485
59529
59593
59622
59632
59633
59650
59653
59687
59716
59725
59738
59744
59750
59758
59773
59783
59807
59808
59812
59815
59891
59933
59934
59942
59950
59964
59977
60015
60047
60092
60135
60136
60137
60139
60145
60152
60161
60177
60209
60210
60212
60305
60320
60330
60332
60339
60385
60415
60426
60433
60442
60476
60512
60517
60520
60528
60531
60532
60539
60540
60553
60561
60641
60656
60670
60678
60685
60694
60698
60723
60724
60734
60735
60736
60737
60738
60739
60740
60742
60743
60744
60746
60747
60748
60751
60756
60757
60759
60761
60762
60763
60767
60769
60770
60773
60774
60775
60776
60777
60779
60781
60782
60783
60785
60787
60788
60789
60790
60791
60792
60793
60795
60796
60797
60798
60799
60800
60801
60807
60825
60827
60828
60829
60842
60846
60851
60862
60863
60869
60871
60882
60887
60892
60904
60924
60927
60932
60940
60941
60945
60955
60967
60968
60978
61002
61005
61013
61027
61028
61034
61035
61046
61058
61060
61065
61072
61089
61112
61120
61128
61161
61174
61180
61182
61183
61189
61190
61191
61192
61195
61196
61203
61210
61212
61215
61216
61217
61221
61226
61239
61243
61246
61256
61259
61261
61262
61266
61270
61272
61276
61278
61296
61311
61312
61314
61323
61324
61325
61326
61328
61331
61337
61345
61350
61351
61355
61360
61363
61367
61371
61374
61376
61379
61384
61388
61398
61402
61404
61411
61412
61416
61425
61426
61436
61441
61450
61464
61467
61471
61472
61474
61483
61484
61485
61488
61496
61505
61506
61509
61515
61523
61531
61535
61539
61540
61543
61544
61566
61568
61571
61575
61586
61587
61613
61625
61626
61634
61635
61639
61641
61642
61643
61649
61650
61652
61653
61655
61661
61662
61665
61667
61673
61678
61682
61688
61703
61710
61713
61715
61722
61725
61738
61746
61754
61757
61767
61770
61771
61773
61776
61778
61779
61784
61806
61807
61809
61824
61825
61830
61833
61849
61852
61872
61873
61875
61879
61885
61888
61899
61901
61911
61917
61921
61937
61944
61946
61948
61955
61970
61971
61972
61973
61980
61981
61985
62001
62008
62009
62010
62011
62015
62030
62035
62050
62067
62070
62073
62108
62115
62121
62125
62126
62129
62141
62157
62164
62168
62178
62183
62184
62200
62265
62277
62278
62284
62290
62292
62299
62301
62311
62339
62341
62343
62359
62373
62393
62415
62449
62452
62458
62459
62476
62478
62526
62531
62532
62567
62625
62634
62650
62651
62657
62665
62670
62725
62770
62773
62799
62805
62807
62829
62837
62842
62849
62870
62878
62882
62926
62931
63002
63005
63009
63019
63026
63030
63035
63050
63059
63102
63166
63186
63190
63195
63205
63298
63311
63323
63345
63358
63361
63364
63379
63380
63381
63388
63477
63507
63510
63515
63536
63537
63539
63550
63556
63588
63589
63620
63696
63708
63709
63710
63712
63732
63734
63745
63782
63783
63785
63884
63885
63888
63893
63899
63905
63912
63917
63919
63925
63945
63958
63965
63966
64006
64015
64097
64105
64109
64123
64134
64214
64226
64229
64241
64243
64251
64258
64288
64296
64297
64307
64308
64309
64310
64311
64312
64313
64315
64317
64320
64322
64325
64329
64330
64332
64334
64335
64336
64337
64339
64340
64342
64343
64344
64346
64347
64348
64349
64350
64351
64352
64355
64356
64358
64359
64360
64361
64363
64364
64365
64368
64369
64370
64371
64373
64374
64380
64382
64398
64400
64401
64406
64419
64424
64436
64441
64465
64472
64477
64497
64505
64508
64540
64541
64544
64548
64582
64586
64605
64619
64633
64645
64723
64757
64762
64763
64768
64771
64772
64776
64777
64785
64793
64794
64795
64801
64802
64812
64816
64832
64834
64843
64847
64868
64869
64871
64896
64897
64899
64900
64909
64910
64918
64933
64936
64945
64947
64952
64957
64965
64975
64977
64981
64989
64994
65002
65005
65011
65014
65021
65026
65027
65034
65040
65054
65057
65058
65059
65061
65065
65067
65079
65088
65104
65142
65144
65151
65155
65156
65159
65167
65181
65198
65205
65208
65212
65222
65223
65224
65225
65226
65229
65230
65247
65251
65252
65258
65261
65267
65281
65283
65287
65288
65301
65319
65327
65330
65331
65346
65348
65349
65366
65379
65380
65382
65388
65397
65398
65399
65401
65405
65409
65414
65417
65422
65436
65445
65448
65449
65457
65470
65474
65489
65490
65514
65517
65521
65531
65535
65537
65545
65551
65553
65554
65556
65558
65559
65562
65574
65581
65584
65589
65596
65599
65603
65606
65608
65611
65618
65624
65628
65634
65636
65640
65651
65678
65681
65683
65688
65694
65699
65701
65702
65705
65706
65707
65714
65722
65735
65737
65741
65748
65751
65838
65850
65851
65857
65863
65864
65872
65874
65880
65884
65889
65914
65916
65968
65988
66032
66041
66045
66051
66065
66099
66104
66108
66112
66140
66201
66202
66208
66222
66230
66249
66343
66346
66371
66372
66380
66402
66404
66406
66419
66421
66443
66451
66499
66512
66523
66579
66591
66594
66603
66607
66628
66636
66675
66703
66719
66739
66748
66758
66759
66770
66772
66775
66779
66858
66896
66925
66929
66933
66952
66961
67050
67071
67084
67088
67092
67101
67110
67112
67162
67170
67193
67260
67281
67282
67283
67285
67296
67305
67307
67318
67326
67351
67355
67358
67461
67466
67485
67492
67498
67527
67531
67539
67659
67677
67678
67696
67699
67700
67701
67707
67721
67762
67787
67802
67824
67826
67831
67832
67843
67869
67873
67878
67880
67881
67882
67884
67885
67886
67888
67889
67892
67893
67894
67895
67897
67899
67901
67902
67905
67907
67908
67909
67910
67912
67913
67914
67915
67916
67917
67921
67923
67924
67925
67928
67929
67931
67932
67934
67935
67936
67937
67938
67939
67940
67941
67942
67943
67944
67945
67946
67947
67953
67973
67974
67978
67981
67989
67992
67997
68009
68045
68046
68050
68058
68061
68078
68083
68113
68159
68162
68181
68189
68192
68208
68230
68234
68258
68264
68270
68275
68280
68304
68307
68314
68320
68326
68329
68335
68336
68340
68341
68345
68347
68348
68349
68351
68362
68367
68371
68372
68374
68385
68389
68401
68402
68403
68405
68406
68414
68416
68417
68419
68420
68431
68442
68444
68445
68469
68470
68472
68474
68483
68493
68496
68497
68509
68514
68530
68531
68534
68535
68537
68540
68542
68548
68550
68562
68567
68579
68581
68587
68598
68599
68600
68609
68613
68614
68624
68630
68631
68640
68652
68661
68668
68677
68686
68689
68697
68706
68709
68710
68712
68717
68724
68729
68730
68732
68755
68757
68766
68771
68781
68784
68785
68791
68794
68797
68799
68803
68810
68820
68821
68823
68833
68834
68837
68838
68840
68844
68850
68859
68861
68863
68866
68883
68884
68899
68903
68919
68941
68946
68952
68956
68969
68970
68971
68982
68990
68994
68995
68997
69021
69025
69035
69043
69047
69056
69057
69063
69073
69087
69089
69091
69094
69096
69098
69107
69110
69118
69119
69130
69144
69148
69158
69159
69160
69165
69169
69176
69180
69184
69191
69194
69197
69201
69203
69209
69213
69215
69217
69225
69246
69251
69256
69261
69264
69267
69271
69272
69273
69274
69275
69278
69285
69287
69290
69303
69309
69310
69321
69324
69349
69400
69411
69423
69424
69428
69440
69444
69445
69470
69481
69487
69489
69546
69561
69581
69605
69612
69624
69625
69672
69675
69677
69693
69713
69771
69775
69781
69803
69816
69830
69840
69863
69916
69953
69966
69968
69978
69983
70024
70072
70148
70151
70153
70160
70161
70164
70176
70205
70248
70277
70312
70324
70326
70341
70345
70365
70372
70431
70445
70469
70481
70506
70517
70525
70534
70661
70669
70674
70683
70685
70735
70740
70817
70854
70855
70856
70858
70869
70880
70891
70905
70931
70974
71002
71034
71039
71051
71058
71065
71071
71076
71104
71107
71111
71112
71160
71182
71218
71235
71248
71250
71251
71269
71335
71340
71375
71385
71387
71397
71399
71404
71442
71446
71453
71454
71455
71456
71457
71458
71459
71460
71461
71462
71464
71465
71466
71467
71472
71475
71478
71480
71481
71483
71485
71486
71487
71489
71493
71494
71495
71496
71497
71498
71501
71505
71506
71507
71508
71509
71510
71511
71512
71513
71514
71516
71517
71519
71520
71554
71565
71580
71585
71592
71602
71618
71631
71639
71645
71647
71651
71682
71689
71690
71701
71707
71715
71725
71735
71744
71765
71781
71784
71806
71807
71833
71837
71842
71848
71853
71860
71877
71885
71893
71905
71909
71919
71922
71932
71939
71940
71942
71943
71947
71958
71962
71965
71974
71984
72015
72017
72023
72034
72041
72042
72043
72044
72053
72055
72056
72069
72070
72092
72099
72107
72111
72113
72118
72121
72123
72124
72129
72133
72135
72140
72142
72150
72153
72154
72160
72167
72171
72172
72173
72179
72180
72182
72186
72191
72203
72204
72209
72213
72218
72227
72234
72235
72240
72242
72250
72288
72290
72297
72302
72305
72319
72327
72344
72354
72356
72358
72362
72368
72370
72377
72393
72398
72404
72409
72413
72417
72425
72427
72434
72439
72453
72454
72456
72458
72472
72473
72475
72476
72477
72489
72499
72503
72511
72516
72525
72527
72529
72542
72543
72544
72548
72551
72561
72570
72573
72587
72593
72603
72605
72616
72620
72624
72631
72632
72633
72635
72636
72656
72662
72669
72676
72690
72693
72694
72695
72702
72716
72727
72732
72738
72742
72757
72765
72767
72776
72782
72789
72790
72803
72829
72832
72834
72837
72840
72844
72845
72847
72848
72851
72856
72857
72880
72882
72883
72894
72897
72899
72922
72973
72984
72996
73010
73011
73018
73021
73033
73043
73060
73062
73072
73102
73134
73167
73171
73178
73189
73190
73197
73198
73211
73218
73245
73248
73250
73255
73266
73283
73354
73356
73375
73376
73389
73390
73403
73413
73489
73526
73555
73563
73597
73645
73673
73675
73731
73745
73821
73822
73847
73885
73899
73909
73912
73921
73923
73925
73989
74004
74042
74054
74075
74078
74098
74115
74116
74225
74234
74246
74247
74248
74308
74319
74390
74422
74427
74428
74429
74431
74464
74478
74504
74512
74576
74607
74609
74612
74631
74667
74677
74684
74685
74816
74823
74838
74908
74941
74948
74960
74962
74970
74972
74978
74989
75015
75019
75026
75027
75028
75029
75030
75031
75032
75034
75035
75037
75038
75045
75047
75048
75049
75050
75051
75052
75054
75055
75056
75057
75058
75059
75061
75062
75063
75065
75066
75067
75068
75070
75071
75073
75074
75078
75079
75080
75081
75082
75083
75084
75085
75086
75087
75088
75089
75090
75091
75092
75116
75125
75127
75132
75133
75134
75137
75138
75143
75153
75169
75204
75218
75224
75228
75232
75238
75297
75300
75308
75323
75326
75327
75337
75338
75348
75356
75357
75358
75382
75404
75410
75420
75421
75426
75442
75468
75471
75472
75478
75482
75485
75486
75488
75494
75503
75505
75512
75513
75517
75520
75524
75528
75531
75532
75538
75548
75552
75559
75562
75588
75590
75591
75594
75596
75606
75614
75616
75617
75618
75626
75629
75631
75637
75643
75669
75686
75689
75691
75693
75696
75706
75708
75710
75713
75723
75727
75730
75733
75764
75765
75776
75777
75778
75787
75794
75801
75805
75807
75821
75826
75831
75832
75835
75862
75863
75878
75881
75900
75916
75917
75927
75929
75931
75940
75946
75947
75952
75953
75957
75958
75961
75962
75965
75986
75999
76000
76005
76006
76007
76010
76012
76028
76029
76045
76050
76052
76084
76095
76098
76101
76102
76106
76116
76117
76125
76134
76143
76144
76156
76160
76166
76186
76192
76193
76197
76199
76203
76205
76209
76223
76229
76235
76237
76245
76246
76252
76253
76259
76266
76272
76273
76275
76276
76281
76285
76289
76300
76305
76308
76311
76315
76316
76318
76322
76325
76327
76337
76338
76339
76355
76359
76363
76366
76375
76380
76386
76410
76411
76424
76428
76430
76433
76442
76450
76456
76463
76469
76470
76472
76495
76534
76557
76569
76579
76582
76583
76632
76633
76635
76640
76751
76770
76779
76818
76821
76823
76830
76839
76926
76927
76929
76949
76967
76976
76986
77001
77062
77094
77099
77110
77112
77119
77128
77129
77155
77170
77177
77301
77310
77322
77325
77327
77350
77384
77394
77458
77462
77527
77577
77615
77644
77648
77671
77688
77713
77767
77803
77807
77815
77820
77833
77856
77881
77898
77937
77963
78000
78001
78002
78004
78051
78077
78149
78182
78184
78185
78204
78240
78250
78257
78266
78387
78393
78397
78415
78417
78481
78514
78521
78533
78535
78543
78545
78551
78584
78588
78592
78599
78600
78602
78603
78604
78605
78606
78607
78611
78613
78615
78617
78619
78620
78621
78622
78623
78624
78625
78626
78627
78628
78630
78631
78633
78634
78635
78637
78638
78640
78641
78642
78643
78652
78655
78656
78657
78658
78659
78660
78661
78662
78663
78664
78692
78699
78705
78709
78710
78711
78715
78716
78718
78739
78767
78776
78789
78790
78796
78797
78798
78810
78825
78826
78835
78838
78865
78866
78877
78878
78880
78898
78909
78949
78959
78962
79005
79010
79012
79022
79024
79038
79041
79043
79047
79050
79054
79057
79077
79079
79085
79086
79089
79091
79098
79107
79111
79112
79119
79127
79131
79134
79145
79148
79156
79162
79166
79168
79169
79170
79178
79188
79194
79198
79200
79201
79203
79208
79214
79215
79229
79234
79258
79261
79263
79268
79275
79278
79280
79282
79283
79285
79289
79295
79303
79305
79308
79311
79313
79336
79337
79341
79348
79349
79357
79358
79365
79370
79372
79376
79379
79386
79388
79396
79403
79415
79419
79424
79431
79435
79444
79450
79458
79476
79477
79489
79496
79499
79502
79504
79512
79515
79518
79522
79527
79529
79533
79541
79551
79556
79577
79578
79582
79594
79601
79604
79617
79622
79624
79625
79633
79644
79648
79657
79659
79664
79666
79669
79674
79683
79685
79688
79689
79697
79699
79702
79704
79706
79708
79713
79715
79724
79727
79730
79732
79758
79761
79769
79801
79807
79818
79821
79838
79840
79844
79848
79849
79871
79873
79874
79876
79883
79887
79890
79891
79897
79898
79899
79902
79904
79910
79911
79926
79931
79947
79964
79977
79979
79982
79990
79996
79998
80000
80002
80005
80013
80042
80067
80106
80108
80129
80141
80154
80205
80207
80216
80258
80273
80319
80323
80335
80342
80356
80388
80393
80395
80462
80467
80499
80501
80502
80513
80514
80523
80528
80576
80628
80629
80695
80698
80701
80713
80742
80750
80870
80876
80890
80894
80897
80918
80923
80956
80966
80989
81037
81063
81064
81069
81083
81087
81089
81092
81099
81149
81151
81187
81215
81216
81224
81243
81285
81339
81379
81401
81428
81449
81453
81470
81572
81573
81574
81576
81588
81589
81605
81609
81623
81640
81649
81756
81757
81776
81778
81795
81802
81822
81826
81830
81855
81918
82053
82066
82093
82123
82160
82164
82167
82168
82171
82172
82174
82175
82176
82177
82178
82183
82184
82185
82186
82190
82191
82192
82194
82195
82196
82197
82198
82199
82200
82202
82205
82206
82207
82210
82212
82213
82214
82215
82218
82221
82222
82223
82224
82225
82226
82228
82229
82230
82231
82233
82234
82235
82236
82246
82260
82270
82277
82280
82282
82290
82335
82339
82344
82346
82349
82357
82362
82368
82369
82382
82394
82397
82406
82410
82412
82437
82448
82452
82454
82461
82469
82481
82498
82500
82501
82505
82524
82531
82538
82539
82547
82562
82575
82596
82600
82614
82629
82630
82633
82650
82651
82655
82660
82661
82675
82685
82706
82725
82733
82740
82741
82746
82754
82759
82760
82764
82767
82775
82777
82780
82787
82793
82799
82806
82810
82828
82830
82840
82847
82850
82852
82855
82857
82868
82869
82877
82900
82902
82908
82913
82919
82920
82921
82927
82928
82937
82942
82950
82951
82958
82979
82999
83000
83010
83012
83016
83019
83023
83036
83038
83046
83050
83051
83057
83068
83079
83080
83084
83086
83090
83092
83131
83140
83146
83149
83150
83170
83173
83176
83189
83191
83194
83196
83220
83224
83227
83228
83231
83234
83239
83241
83242
83246
83260
83261
83268
83276
83277
83287
83290
83293
83296
83306
83312
83326
83328
83333
83338
83341
83349
83351
83362
83373
83379
83380
83382
83389
83399
83406
83410
83411
83412
83414
83426
83443
83445
83448
83455
83459
83460
83462
83463
83465
83471
83472
83474
83481
83482
83483
83498
83499
83503
83507
83508
83519
83536
83537
83545
83551
83553
83561
83562
83570
83572
83575
83592
83607
83609
83614
83678
83680
83701
83713
83735
83752
83754
83777
83779
83881
83891
83895
83902
83906
83914
83923
83928
83958
83960
83965
83967
83974
84015
84034
84061
84071
84074
84095
84100
84111
84136
84145
84206
84229
84246
84267
84312
84314
84351
84375
84400
84424
84434
84469
84491
84528
84538
84549
84622
84631
84635
84638
84642
84659
84671
84721
84723
84759
84769
84778
84787
84790
84834
84856
84857
84889
84893
84911
84922
84938
84942
84951
84956
85000
85021
85025
85042
85086
85133
85144
85145
85146
85148
85173
85175
85181
85207
85221
85230
85237
85320
85328
85329
85348
85350
85356
85374
85394
85411
85516
85521
85525
85532
85559
85625
85638
85664
85665
85673
85678
85732
85736
85743
85744
85745
85747
85749
85750
85752
85753
85754
85755
85756
85757
85758
85763
85764
85766
85767
85768
85769
85772
85774
85777
85778
85779
85782
85783
85784
85785
85786
85787
85789
85793
85794
85795
85796
85797
85798
85800
85801
85802
85803
85804
85805
85806
85807
85808
85829
85834
85835
85841
85849
85853
85858
85862
85866
85878
85882
85892
85901
85906
85918
85919
85922
85929
85932
85934
85943
85944
85954
85969
85979
85989
86011
86022
86029
86032
86033
86043
86070
86073
86077
86087
86093
86096
86103
86123
86166
86168
86172
86186
86201
86212
86214
86217
86220
86223
86227
86228
86234
86236
86239
86240
86244
86247
86249
86255
86293
86294
86297
86313
86316
86318
86326
86330
86331
86347
86349
86359
86361
86372
86378
86380
86381
86406
86412
86416
86427
86429
86430
86433
86434
86440
86448
86460
86463
86464
86471
86472
86474
86478
86480
86482
86489
86492
86493
86500
86516
86519
86522
86523
86530
86531
86536
86541
86548
86565
86571
86572
86579
86583
86584
86588
86594
86597
86605
86608
86623
86640
86641
86649
86651
86652
86656
86657
86658
86659
86660
86661
86662
86671
86674
86678
86686
86703
86718
86719
86721
86724
86733
86736
86740
86745
86766
86768
86769
86778
86785
86790
86792
86799
86802
86803
86811
86813
86814
86815
86818
86821
86823
86832
86833
86835
86840
86851
86856
86859
86868
86870
86882
86887
86905
86915
86916
86922
86937
86945
86947
86951
86961
86968
86974
86978
86982
86983
86989
86992
86993
87022
87026
87027
87029
87031
87034
87035
87037
87041
87043
87044
87046
87053
87054
87058
87062
87071
87075
87081
87084
87091
87099
87100
87109
87111
87112
87123
87125
87133
87134
87136
87140
87144
87147
87148
87158
87160
87186
87250
87252
87265
87273
87285
87299
87349
87351
87354
87459
87463
87467
87486
87487
87500
87532
87537
87539
87606
87638
87643
87646
87667
87672
87678
87712
87815
87818
87839
87845
87884
87886
87927
88018
88031
88038
88041
88062
88097
88110
88111
88183
88188
88193
88209
88227
88243
88293
88295
88341
88350
88359
88360
88377
88400
88402
88429
88483
88494
88517
88523
88526
88537
88572
88593
88597
88598
88614
88673
88705
88709
88713
88717
88718
88720
88726
88732
88738
88747
88753
88757
88759
88779
88786
88793
88809
88900
88911
88913
88922
88925
88928
88946
88965
88966
89089
89100
89102
89104
89109
89112
89113
89116
89123
89128
89133
89197
89210
89230
89236
89247
89251
89262
89267
89304
89308
89315
89316
89317
89321
89323
89324
89325
89326
89327
89328
89330
89333
89335
89336
89337
89338
89339
89340
89341
89343
89347
89349
89350
89351
89352
89353
89354
89357
89358
89359
89361
89362
89365
89366
89367
89368
89369
89370
89371
89372
89373
89374
89375
89378
89379
89380
89389
89402
89407
89408
89413
89421
89428
89430
89431
89454
89455
89473
89480
89488
89490
89493
89515
89516
89531
89533
89541
89551
89561
89569
89570
89576
89601
89608
89618
89627
89649
89664
89678
89706
89707
89712
89721
89744
89746
89754
89755
89757
89760
89762
89764
89773
89782
89786
89789
89792
89800
89805
89807
89808
89809
89811
89812
89817
89821
89823
89826
89827
89830
89835
89840
89854
89864
89865
89869
89872
89878
89890
89900
89905
89919
89925
89931
89944
89945
89950
89953
89954
89966
89972
89978
89984
89987
89988
89999
90001
90002
90005
90006
90014
90036
90043
90044
90046
90047
90052
90064
90065
90072
90086
90090
90095
90102
90103
90115
90120
90137
90144
90145
90151
90155
90156
90177
90186
90194
90201
90213
90214
90223
90228
90229
90230
90234
90246
90249
90258
90273
90284
90293
90294
90296
90301
90305
90311
90317
90338
90344
90350
90360
90362
90372
90380
90383
90392
90399
90404
90405
90410
90411
90425
90426
90431
90462
90471
90477
90502
90509
90515
90517
90523
90533
90536
90540
90552
90553
90554
90555
90563
90564
90565
90579
90589
90597
90599
90601
90607
90615
90632
90641
90643
90663
90664
90671
90674
90684
90697
90705
90706
90711
90712
90716
90719
90720
90726
90755
90758
90762
90822
90824
90845
90852
90857
90866
90868
90921
90923
90930
91028
91031
91035
91036
91039
91051
91058
91067
91109
91178
91191
91215
91218
91239
91284
91318
91378
91387
91390
91400
91410
91411
91456
91458
91466
91486
91534
91582
91590
91613
91615
91624
91634
91638
91682
91752
91753
91760
91766
91803
91804
91805
91865
91867
91884
91916
91942
91949
91972
91977
91979
92001
92055
92066
92089
92095
92146
92165
92169
92170
92175
92245
92252
92274
92277
92282
92289
92290
92292
92319
92325
92332
92358
92365
92367
92381
92446
92464
92472
92484
92494
92496
92500
92509
92518
92537
92538
92545
92546
92549
92676
92752
92769
92771
92800
92807
92808
92819
92822
92823
92876
92880
92887
92888
92889
92890
92891
92892
92893
92894
92896
92897
92898
92900
92901
92902
92904
92905
92908
92910
92911
92915
92918
92919
92920
92921
92922
92924
92925
92926
92929
92930
92931
92934
92935
92937
92938
92939
92940
92945
92946
92947
92948
92949
92950
92951
92952
92974
92979
92980
92984
92985
92992
93003
93004
93011
93026
93040
93045
93046
93047
93050
93052
93055
93062
93073
93088
93093
93115
93121
93122
93133
93149
93170
93171
93173
93187
93200
93202
93211
93221
93244
93250
93280
93284
93286
93288
93311
93325
93326
93333
93337
93339
93340
93341
93344
93345
93352
93353
93354
93366
93372
93375
93377
93384
93385
93393
93394
93399
93402
93406
93407
93410
93411
93416
93436
93437
93439
93441
93444
93446
93450
93456
93458
93462
93473
93475
93481
93486
93488
93491
93494
93497
93502
93504
93506
93521
93522
93524
93526
93541
93544
93550
93556
93560
93571
93574
93577
93584
93586
93587
93592
93593
93597
93601
93605
93615
93616
93617
93619
93621
93624
93626
93635
93636
93637
93644
93658
93664
93667
93674
93685
93687
93696
93698
93707
93709
93727
93728
93752
93755
93761
93770
93785
93795
93802
93805
93806
93809
93818
93835
93845
93857
93862
93865
93868
93873
93889
93906
93907
93910
93916
93918
93922
93925
93934
93944
93945
93951
93954
93970
93973
93976
93977
93983
93995
93997
93998
94003
94064
94074
94085
94089
94098
94103
94105
94106
94107
94114
94116
94119
94124
94126
94131
94135
94175
94179
94185
94187
94190
94191
94194
94211
94215
94216
94235
94236
94246
94247
94261
94277
94282
94283
94284
94288
94291
94292
94295
94311
94319
94324
94330
94394
94417
94429
94438
94467
94493
94495
94568
94607
94608
94630
94644
94648
94650
94651
94657
94675
94681
94712
94736
94750
94763
94787
94790
94792
94800
94802
94814
94817
94856
94860
94863
94945
94950
94954
94955
94959
94962
94981
94989
95028
95030
95053
95106
95154
95162
95164
95185
95208
95209
95210
95254
95257
95329
95342
95357
95437
95504
95521
95544
95549
95551
95573
95661
95667
95693
95737
95741
95742
95748
95750
95765
95849
95853
95854
95861
95864
95875
95885
95891
95937
95939
95944
95953
96044
96066
96067
96076
96083
96109
96110
96127
96145
96154
96182
96239
96252
96255
96256
96277
96341
96343
96363
96372
96379
96380
96393
96395
96411
96412
96448
96450
96452
96459
96461
96463
96464
96466
96471
96472
96477
96479
96481
96482
96483
96484
96485
96486
96487
96492
96493
96494
96496
96497
96498
96499
96500
96501
96502
96503
96506
96508
96510
96512
96516
96517
96518
96519
96520
96521
96522
96523
96524
96534
96546
96548
96551
96552
96568
96569
96570
96576
96583
96598
96609
96612
96618
96649
96651
96660
96663
96705
96720
96741
96764
96787
96812
96816
96821
96822
96856
96873
96882
96911
96913
96914
96917
96921
96930
96933
96949
96961
96966
96969
96974
96978
96982
96985
96987
96993
97007
97015
97016
97017
97022
97028
97034
97047
97048
97053
97056
97058
97060
97061
97063
97069
97078
97085
97094
97096
97112
97116
97118
97122
97124
97128
97132
97136
97144
97147
97149
97152
97154
97156
97158
97165
97169
97173
97183
97186
97188
97189
97191
97196
97208
97209
97216
97225
97226
97230
97231
97234
97235
97236
97238
97239
97246
97250
97252
97281
97282
97290
97297
97299
97310
97333
97347
97357
97358
97360
97363
97367
97369
97374
97376
97378
97380
97395
97396
97411
97417
97418
97428
97432
97436
97437
97443
97445
97479
97482
97488
97494
97495
97496
97497
97509
97517
97523
97526
97527
97530
97532
97545
97548
97549
97554
97558
97569
97575
97584
97617
97633
97636
97638
97639
97654
97657
97661
97662
97664
97667
97670
97675
97677
97678
97688
97695
97697
97698
97703
97704
97706
97729
97734
97747
97751
97752
97757
97758
97759
97761
97763
97764
97766
97783
97787
97789
97803
97807
97808
97812
97828
97833
97834
97841
97849
97854
97855
97864
97870
97883
97884
97893
97896
97897
97902
97903
97906
97966
98065
98067
98117
98172
98179
98180
98185
98195
98211
98229
98247
98253
98254
98264
98284
98314
98322
98335
98359
98362
98368
98389
98394
98401
98428
98430
98531
98534
98551
98561
98592
98600
98728
98734
98757
98783
98826
98909
98910
98912
98923
98929
98947
98949
98953
99009
99069
99076
99093
99123
99145
99203
99239
99252
99264
99281
99309
99323
99421
99436
99442
99444
99447
99509
99518
99576
99616
99636
99644
99681
99682
99689
99699
99705
99714
99807
99810
99811
99812
99813
99828
99836
99845
99915
99951
99952
99961
99966
99967
99978
99983
99987
99988
100018
100020
100022
100024
100031
100033
100034
100035
100036
100037
100038
100043
100044
100045
100046
100051
100052
100054
100055
100056
100058
100059
100064
100065
100066
100067
100069
100070
100071
100072
100073
100074
100075
100078
100079
100080
100082
100083
100084
100089
100090
100091
100092
100093
100094
100096
100103
100106
100118
100122
100126
100128
100134
100143
100149
100155
100159
100183
100184
100190
100199
100211
100219
100232
100240
100241
100267
100301
100302
100313
100333
100357
100384
100393
100394
100409
100422
100424
100428
100454
100485
100486
100498
100508
100520
100524
100536
100538
100539
100540
100546
100550
100557
100558
100559
100565
100577
100579
100588
100591
100594
100601
100609
100614
100616
100620
100621
100630
100632
100633
100635
100636
100640
100641
100657
100664
100666
100686
100687
100688
100701
100704
100705
100707
100716
100717
100719
100721
100724
100726
100728
100730
100737
100750
100751
100752
100754
100755
100758
100761
100763
100766
100770
100772
100773
100779
100780
100781
100788
100789
100790
100797
100798
100801
100802
100803
100804
100806
100808
100810
100811
100812
100814
100818
100823
100824
100829
100853
100859
100862
100872
100876
100880
100881
100888
100889
100891
100893
100896
100901
100915
100918
100924
100926
100929
100930
100932
100935
100942
100946
100950
100952
100957
100968
100983
100989
101000
101004
101012
101017
101020
101033
101051
101054
101060
101066
101069
101089
101099
101104
101105
101115
101120
101121
101131
101134
101135
101142
101147
101150
101152
101154
101157
101165
101175
101176
101187
101198
101203
101210
101211
101231
101233
101239
101242
101243
101246
101249
101253
101254
101263
101269
101274
101275
101276
101290
101291
101302
101304
101306
101311
101330
101331
101334
101345
101355
101358
101359
101368
101369
101379
101380
101390
101409
101420
101421
101422
101424
101426
101436
101438
101454
101460
101469
101474
101486
101538
101564
101582
101595
101597
101636
101637
101643
101646
101744
101751
101752
101754
101825
101826
101834
101856
101894
101897
101907
101934
101963
101966
101971
101999
102000
102002
102012
102103
102104
102106
102116
102129
102133
102134
102172
102264
102306
102308
102313
102329
102332
102355
102385
102398
102480
102483
102488
102502
102519
102544
102581
102623
102632
102641
102648
102695
102811
102814
102823
102881
102883
102998
103008
103018
103081
103086
103186
103188
103199
103212
103253
103261
103337
103375
103417
103422
103487
103523
103524
103555
103584
103590
103592
103604
103605
103606
103607
103608
103609
103610
103613
103615
103616
103617
103618
103619
103623
103625
103626
103627
103628
103631
103633
103634
103635
103636
103637
103638
103644
103645
103646
103647
103650
103652
103653
103654
103655
103656
103657
103659
103661
103662
103663
103664
103665
103667
103668
103675
103678
103690
103697
103699
103700
103727
103729
103747
103756
103757
103762
103766
103768
103804
103842
103853
103856
103864
103867
103873
103907
103925
103929
103933
103955
103965
103966
104009
104042
104047
104061
104062
104063
104065
104066
104070
104080
104082
104091
104093
104096
104097
104112
104118
104122
104125
104127
104129
104131
104137
104146
104147
104148
104149
104151
104160
104163
104166
104172
104178
104189
104192
104202
104204
104205
104207
104212
104213
104214
104219
104220
104246
104253
104259
104260
104262
104272
104273
104276
104287
104288
104289
104290
104291
104293
104298
104300
104302
104308
104316
104318
104320
104323
104324
104326
104327
104330
104333
104337
104338
104345
104352
104353
104360
104362
104366
104369
104373
104374
104375
104376
104377
104378
104383
104384
104390
104397
104399
104400
104402
104425
104431
104437
104453
104461
104462
104467
104481
104490
104507
104517
104524
104527
104539
104540
104553
104570
104572
104576
104582
104583
104586
104587
104589
104590
104593
104618
104623
104624
104626
104647
104657
104665
104666
104676
104677
104679
104686
104687
104691
104692
104693
104698
104700
104701
104702
104709
104719
104722
104723
104724
104730
104732
104737
104757
104766
104771
104782
104783
104793
104801
104805
104810
104821
104831
104833
104841
104842
104848
104850
104851
104853
104862
104863
104874
104876
104883
104892
104893
104906
104913
104933
104944
104952
104975
104977
104978
104980
104982
104990
104991
104992
104996
104997
104998
105000
105006
105008
105010
105018
105028
105046
105058
105093
105110
105147
105175
105185
105208
105209
105215
105221
105238
105281
105323
105324
105326
105339
105355
105357
105391
105398
105453
105466
105469
105506
105509
105516
105521
105533
105534
105572
105574
105575
105582
105675
105676
105678
105688
105696
105705
105744
105753
105783
105875
105878
105883
105885
105904
105925
105927
105958
105963
106060
106062
106074
106116
106195
106213
106340
106383
106409
106444
106451
106453
106455
106537
106580
106591
106597
106608
106637
106653
106658
106760
106780
106782
106788
106825
106943
106954
106960
106971
106989
107059
107095
107096
107131
107162
107164
107170
107175
107176
107177
107178
107179
107180
107181
107182
107185
107186
107187
107189
107190
107192
107193
107195
107196
107197
107198
107199
107200
107201
107202
107203
107206
107207
107208
107209
107210
107215
107217
107218
107220
107227
107228
107229
107230
107231
107232
107233
107234
107235
107236
107237
107238
107239
107240
107244
107247
107249
107254
107262
107272
107284
107286
107287
107288
107292
107300
107302
107305
107306
107319
107328
107329
107334
107338
107339
107340
107341
107351
107373
107376
107406
107411
107427
107432
107439
107441
107443
107445
107486
107512
107522
107527
107582
107613
107617
107619
107620
107623
107628
107629
107630
107631
107633
107637
107638
107651
107652
107654
107655
107656
107668
107670
107671
107678
107679
107681
107682
107691
107694
107701
107703
107707
107719
107722
107729
107732
107734
107735
107736
107738
107742
107744
107746
107748
107750
107755
107758
107763
107767
107773
107774
107776
107777
107779
107780
107781
107786
107813
107816
107817
107824
107831
107834
107837
107844
107845
107846
107848
107850
107855
107859
107860
107863
107868
107870
107871
107872
107873
107892
107895
107897
107898
107899
107902
107904
107912
107917
107924
107925
107930
107932
107934
107938
107941
107945
107946
107947
107948
107950
107955
107956
107962
107973
107979
107983
107997
107998
108002
108003
108009
108025
108033
108039
108044
108049
108055
108062
108064
108068
108072
108083
108089
108097
108099
108111
108112
108115
108118
108120
108140
108142
108159
108161
108164
108165
108188
108198
108203
108204
108209
108216
108225
108229
108234
108236
108238
108246
108248
108251
108264
108265
108270
108272
108273
108286
108290
108291
108296
108306
108329
108335
108347
108375
108377
108383
108387
108397
108398
108403
108406
108413
108415
108418
108419
108420
108425
108434
108436
108442
108446
108452
108454
108458
108461
108474
108478
108487
108488
108493
108507
108508
108513
108524
108529
108532
108534
108540
108547
108550
108560
108563
108564
108566
108567
108568
108572
108580
108599
108605
108616
108618
108682
108713
108716
108719
108776
108780
108781
108785
108801
108826
108833
108887
108895
108896
108898
108916
108927
108939
108957
108963
108970
109038
109041
109066
109067
109078
109089
109142
109144
109147
109234
109240
109247
109248
109250
109251
109258
109260
109266
109268
109281
109304
109312
109316
109325
109355
109408
109442
109445
109448
109450
109454
109458
109466
109470
109473
109474
109492
109494
109497
109512
109527
109614
109615
109620
109622
109639
109644
109646
109667
109688
109767
109803
109828
109830
109836
109912
109942
109952
109955
109956
109968
110016
110022
110023
110025
110027
110109
110142
110152
110163
110171
110180
110191
110209
110224
110225
110254
110332
110343
110397
110446
110514
110521
110527
110532
110566
110601
110631
110664
110667
110668
110673
110681
110703
110725
110734
110746
110747
110748
110749
110750
110751
110752
110753
110754
110757
110758
110759
110761
110765
110768
110769
110770
110771
110772
110773
110774
110775
110779
110781
110782
110785
110786
110787
110789
110790
110791
110793
110800
110802
110803
110805
110806
110807
110808
110809
110810
110812
110817
110819
110822
110834
110838
110844
110856
110859
110873
110874
110900
110906
110917
110941
110943
110945
110948
110978
111011
111017
111018
111022
111044
111046
111047
111050
111055
111058
111073
111077
111083
111085
111098
111140
111153
111170
111172
111193
111194
111197
111200
111202
111205
111209
111214
111223
111226
111227
111230
111235
111243
111248
111249
111250
111251
111253
111254
111258
111260
111266
111267
111274
111278
111281
111284
111292
111293
111296
111301
111302
111304
111306
111307
111310
111313
111314
111316
111318
111319
111321
111322
111330
111339
111341
111344
111346
111348
111349
111351
111358
111385
111393
111396
111402
111403
111406
111416
111428
111431
111435
111438
111440
111442
111443
111444
111445
111451
111452
111453
111460
111463
111467
111470
111471
111475
111476
111484
111486
111489
111496
111497
111502
111522
111524
111527
111528
111533
111534
111540
111541
111555
111569
111574
111575
111581
111597
111605
111617
111639
111641
111650
111655
111685
111687
111696
111701
111705
111714
111720
111724
111730
111733
111734
111736
111752
111768
111770
111778
111779
111782
111798
111807
111808
111820
111823
111828
111836
111837
111844
111854
111863
111868
111874
111877
111878
111885
111892
111895
111906
111929
111949
111955
111957
111959
111986
111990
111992
111997
112009
112011
112012
112019
112024
112029
112030
112031
112036
112037
112046
112049
112065
112075
112079
112080
112083
112085
112095
112096
112101
112103
112118
112119
112122
112124
112129
112136
112138
112139
112140
112144
112146
112152
112157
112160
112161
112179
112186
112188
112284
112291
112296
112302
112328
112352
112405
112467
112468
112470
112499
112529
112542
112601
112610
112650
112677
112714
112716
112719
112727
112794
112806
112819
112820
112822
112823
112840
112842
112860
112876
112885
112888
112980
113017
113019
113022
113024
113029
113030
113035
113038
113044
113047
113051
113187
113189
113192
113196
113201
113206
113213
113216
113233
113260
113267
113348
113349
113400
113402
113441
113484
113514
113517
113528
113535
113547
113550
113556
113562
113594
113595
113597
113599
113681
113692
113704
113724
113743
113762
113781
113793
113796
113797
113801
113826
113932
113969
113975
114086
114092
114103
114108
114115
114136
114140
114236
114239
114240
114254
114255
114275
114281
114288
114298
114309
114318
114319
114320
114321
114322
114324
